----,
DateTime:        , 2025/11/18, 16:52:17, 1763499137180,
RFID_EPC:        ,--Not Acquired--,
RFID_UserData:   ,--Not Acquired--,
Barcode:         ,--Not Acquired--,
PIF:,            0.00,
PARs:,            0.0,     0.0,     0.0,     0.0,     0.0,     0.0,
Light:,           0.0,     0.0,     0.0,     0.0,     0.0,     0.0,
Cycles:,            1,
                    1,      69,      70,      70,
Lamps:,        #10000,
Gain:,              5,      25, 
SNR_raw:,     605.96,
Position:,        0.0,              0.0,   NoData,
DataPt,      Time(us),   EX,         EM,       Fit,
==========,==========,==========,==========,=========,
    0,        0.0,      0.000,       0.000,    247.213,
    1,        0.8,    164.188,     249.226,    252.728,
    2,        3.3,    179.988,     259.891,    259.115,
    3,        5.8,    180.340,     269.601,    265.794,
    4,        8.3,    180.197,     275.144,    272.663,
    5,       10.8,    180.288,     281.438,    279.655,
    6,       13.3,    180.432,     287.976,    286.711,
    7,       15.8,    180.393,     293.914,    293.778,
    8,       18.3,    180.510,     300.149,    300.818,
    9,       20.8,    180.523,     306.110,    307.797,
   10,       23.3,    180.654,     313.085,    314.691,
   11,       25.8,    180.667,     319.483,    321.475,
   12,       28.3,    180.745,     326.205,    328.134,
   13,       30.8,    180.602,     332.998,    334.650,
   14,       33.3,    180.628,     340.147,    341.014,
   15,       35.8,    180.902,     345.712,    347.224,
   16,       38.3,    180.771,     352.489,    353.266,
   17,       40.8,    180.797,     358.301,    359.137,
   18,       43.3,    180.876,     364.559,    364.837,
   19,       45.8,    180.771,     369.970,    370.360,
   20,       48.3,    180.758,     375.308,    375.706,
   21,       50.8,    180.902,     381.422,    380.879,
   22,       53.3,    180.745,     386.290,    385.875,
   23,       55.8,    180.980,     392.087,    390.700,
   24,       58.3,    180.928,     395.958,    395.354,
   25,       60.8,    180.811,     401.304,    399.839,
   26,       63.3,    180.863,     405.722,    404.158,
   27,       65.8,    180.928,     409.666,    408.315,
   28,       68.3,    180.889,     413.845,    412.313,
   29,       70.8,    181.072,     416.851,    416.156,
   30,       73.3,    180.967,     420.408,    419.848,
   31,       75.8,    180.928,     424.368,    423.393,
   32,       78.3,    180.876,     427.697,    426.794,
   33,       80.8,    180.954,     430.164,    430.056,
   34,       83.3,    181.019,     433.213,    433.183,
   35,       85.8,    180.967,     436.654,    436.179,
   36,       88.3,    181.006,     438.990,    439.049,
   37,       90.8,    181.046,     442.541,    441.797,
   38,       93.3,    181.098,     444.732,    444.426,
   39,       95.8,    181.006,     446.946,    446.942,
   40,       98.3,    181.046,     449.942,    449.347,
   41,      100.8,    181.006,     451.034,    451.647,
   42,      103.3,    181.137,     453.138,    453.844,
   43,      105.8,    181.059,     455.212,    455.944,
   44,      108.3,    181.072,     457.830,    457.949,
   45,      110.8,    180.993,     459.022,    459.864,
   46,      113.3,    180.993,     461.343,    461.692,
   47,      115.8,    180.876,     463.301,    463.437,
   48,      118.3,    181.150,     463.594,    465.100,
   49,      120.8,    181.006,     465.950,    466.687,
   50,      123.3,    181.137,     467.381,    468.199,
   51,      125.8,    181.176,     468.936,    469.641,
   52,      128.3,    181.137,     470.141,    471.015,
   53,      130.8,    181.281,     471.313,    472.324,
   54,      133.3,    180.993,     473.056,    473.575,
   55,      135.8,    180.993,     474.603,    474.766,
   56,      138.3,    181.006,     475.563,    475.899,
   57,      140.8,    181.255,     476.567,    476.976,
   58,      143.3,    181.072,     477.380,    478.004,
   59,      145.8,    181.215,     479.209,    478.981,
   60,      148.3,    181.255,     479.878,    479.911,
   61,      150.8,    181.059,     480.839,    480.799,
   62,      153.3,    181.176,     481.741,    481.642,
   63,      155.8,    181.072,     482.903,    482.445,
   64,      158.3,    181.255,     483.850,    483.207,
   65,      160.8,    181.215,     484.506,    483.933,
   66,      163.3,    181.085,     485.298,    484.625,
   67,      165.8,    181.137,     486.372,    485.282,
   68,      168.3,    181.333,     487.060,    485.905,
   69,      170.8,    181.059,     488.129,    486.501,
   70,      175.8,    179.936,     488.286,    489.571,
----,
DateTime:        , 2025/11/18, 16:52:25, 1763499145741,
RFID_EPC:        ,--Not Acquired--,
RFID_UserData:   ,--Not Acquired--,
Barcode:         ,--Not Acquired--,
PIF:,            0.00,
PARs:,            0.0,     0.0,     0.0,     0.0,     0.0,     0.0,
Light:,           0.0,     0.0,     0.0,     0.0,     0.0,     0.0,
Cycles:,            1,
                    1,      69,      70,      70,
Lamps:,        #10000,
Gain:,              5,      25, 
SNR_raw:,     507.14,
Position:,        0.0,              0.0,   NoData,
DataPt,      Time(us),   EX,         EM,       Fit,
==========,==========,==========,==========,=========,
    0,        0.0,      0.000,       0.000,    261.664,
    1,        0.8,    164.247,     263.261,    267.160,
    2,        3.3,    180.197,     273.440,    273.324,
    3,        5.8,    180.106,     282.723,    279.593,
    4,        8.3,    180.301,     288.739,    285.929,
    5,       10.8,    180.380,     294.268,    292.290,
    6,       13.3,    180.380,     299.368,    298.642,
    7,       15.8,    180.367,     304.602,    304.955,
    8,       18.3,    180.615,     310.163,    311.213,
    9,       20.8,    180.615,     316.918,    317.388,
   10,       23.3,    180.549,     322.017,    323.461,
   11,       25.8,    180.445,     328.189,    329.419,
   12,       28.3,    180.562,     334.399,    335.255,
   13,       30.8,    180.680,     340.270,    340.958,
   14,       33.3,    180.784,     345.605,    346.520,
   15,       35.8,    180.706,     351.399,    351.934,
   16,       38.3,    180.850,     356.539,    357.197,
   17,       40.8,    180.810,     362.037,    362.305,
   18,       43.3,    180.993,     366.754,    367.257,
   19,       45.8,    180.915,     371.888,    372.050,
   20,       48.3,    180.941,     377.140,    376.684,
   21,       50.8,    180.928,     381.036,    381.161,
   22,       53.3,    180.876,     386.232,    385.479,
   23,       55.8,    180.810,     390.132,    389.642,
   24,       58.3,    180.889,     394.718,    393.653,
   25,       60.8,    180.876,     398.395,    397.512,
   26,       63.3,    181.072,     401.830,    401.226,
   27,       65.8,    180.915,     405.495,    404.794,
   28,       68.3,    180.980,     408.664,    408.221,
   29,       70.8,    180.876,     411.553,    411.510,
   30,       73.3,    181.019,     415.204,    414.666,
   31,       75.8,    180.954,     418.228,    417.691,
   32,       78.3,    180.889,     421.474,    420.590,
   33,       80.8,    180.915,     424.509,    423.367,
   34,       83.3,    180.993,     426.646,    426.025,
   35,       85.8,    180.993,     428.745,    428.569,
   36,       88.3,    181.163,     431.214,    431.002,
   37,       90.8,    181.085,     433.168,    433.329,
   38,       93.3,    181.124,     434.841,    435.553,
   39,       95.8,    181.176,     437.807,    437.677,
   40,       98.3,    181.150,     439.636,    439.707,
   41,      100.8,    180.954,     442.322,    441.646,
   42,      103.3,    180.980,     442.922,    443.496,
   43,      105.8,    181.280,     444.726,    445.261,
   44,      108.3,    181.006,     446.393,    446.946,
   45,      110.8,    181.072,     448.883,    448.552,
   46,      113.3,    181.006,     449.708,    450.084,
   47,      115.8,    181.202,     451.319,    451.544,
   48,      118.3,    181.111,     452.872,    452.936,
   49,      120.8,    181.241,     452.988,    454.261,
   50,      123.3,    181.045,     454.913,    455.525,
   51,      125.8,    181.163,     456.385,    456.728,
   52,      128.3,    180.954,     457.243,    457.876,
   53,      130.8,    181.072,     458.272,    458.968,
   54,      133.3,    181.098,     459.310,    460.007,
   55,      135.8,    180.980,     460.824,    460.997,
   56,      138.3,    181.215,     461.772,    461.937,
   57,      140.8,    181.032,     462.569,    462.834,
   58,      143.3,    181.215,     463.758,    463.685,
   59,      145.8,    180.967,     464.504,    464.497,
   60,      148.3,    181.098,     465.163,    465.269,
   61,      150.8,    181.032,     465.884,    466.003,
   62,      153.3,    181.150,     466.906,    466.701,
   63,      155.8,    181.006,     468.161,    467.365,
   64,      158.3,    181.176,     468.164,    467.995,
   65,      160.8,    181.124,     469.072,    468.595,
   66,      163.3,    180.967,     469.367,    469.167,
   67,      165.8,    181.058,     471.008,    469.710,
   68,      168.3,    181.150,     471.102,    470.224,
   69,      170.8,    180.941,     472.751,    470.716,
   70,      175.8,    179.779,     472.246,    473.446,
----,
DateTime:        , 2025/11/18, 16:52:34, 1763499154312,
RFID_EPC:        ,--Not Acquired--,
RFID_UserData:   ,--Not Acquired--,
Barcode:         ,--Not Acquired--,
PIF:,            0.00,
PARs:,            0.0,     0.0,     0.0,     0.0,     0.0,     0.0,
Light:,           0.0,     0.0,     0.0,     0.0,     0.0,     0.0,
Cycles:,            1,
                    1,      69,      70,      70,
Lamps:,        #10000,
Gain:,              5,      25, 
SNR_raw:,     508.64,
Position:,        0.0,              0.0,   NoData,
DataPt,      Time(us),   EX,         EM,       Fit,
==========,==========,==========,==========,=========,
    0,        0.0,      0.000,       0.000,    268.145,
    1,        0.8,    164.263,     268.594,    273.203,
    2,        3.3,    180.047,     278.945,    278.870,
    3,        5.8,    180.465,     288.367,    284.647,
    4,        8.3,    180.295,     292.742,    290.477,
    5,       10.8,    180.334,     299.000,    296.329,
    6,       13.3,    180.295,     303.835,    302.171,
    7,       15.8,    180.413,     307.517,    307.980,
    8,       18.3,    180.530,     312.857,    313.734,
    9,       20.8,    180.595,     318.502,    319.412,
   10,       23.3,    180.517,     323.737,    324.996,
   11,       25.8,    180.648,     329.260,    330.476,
   12,       28.3,    180.661,     334.218,    335.839,
   13,       30.8,    180.582,     340.011,    341.074,
   14,       33.3,    180.739,     345.360,    346.178,
   15,       35.8,    180.739,     350.008,    351.143,
   16,       38.3,    180.791,     355.327,    355.966,
   17,       40.8,    180.856,     360.728,    360.644,
   18,       43.3,    180.739,     365.168,    365.172,
   19,       45.8,    180.778,     369.956,    369.552,
   20,       48.3,    180.869,     374.082,    373.784,
   21,       50.8,    180.935,     377.705,    377.868,
   22,       53.3,    180.883,     382.348,    381.805,
   23,       55.8,    180.987,     386.326,    385.596,
   24,       58.3,    180.935,     389.643,    389.244,
   25,       60.8,    180.948,     393.705,    392.752,
   26,       63.3,    180.869,     396.529,    396.120,
   27,       65.8,    181.078,     399.606,    399.355,
   28,       68.3,    180.961,     403.181,    402.458,
   29,       70.8,    181.013,     406.601,    405.432,
   30,       73.3,    180.909,     408.936,    408.282,
   31,       75.8,    180.883,     411.427,    411.010,
   32,       78.3,    180.817,     414.341,    413.622,
   33,       80.8,    181.222,     416.616,    416.119,
   34,       83.3,    180.974,     418.955,    418.508,
   35,       85.8,    180.974,     420.834,    420.790,
   36,       88.3,    181.065,     423.383,    422.970,
   37,       90.8,    181.026,     425.022,    425.052,
   38,       93.3,    181.117,     426.905,    427.039,
   39,       95.8,    181.026,     428.999,    428.935,
   40,       98.3,    181.026,     430.546,    430.744,
   41,      100.8,    180.974,     431.996,    432.468,
   42,      103.3,    181.039,     432.945,    434.112,
   43,      105.8,    180.922,     435.327,    435.680,
   44,      108.3,    181.052,     437.222,    437.172,
   45,      110.8,    181.157,     438.405,    438.592,
   46,      113.3,    180.974,     440.285,    439.947,
   47,      115.8,    181.104,     440.519,    441.235,
   48,      118.3,    181.091,     442.539,    442.461,
   49,      120.8,    181.170,     443.341,    443.627,
   50,      123.3,    181.104,     443.943,    444.738,
   51,      125.8,    180.987,     445.225,    445.795,
   52,      128.3,    181.000,     446.519,    446.801,
   53,      130.8,    181.117,     447.334,    447.755,
   54,      133.3,    181.052,     448.268,    448.664,
   55,      135.8,    180.974,     448.905,    449.528,
   56,      138.3,    181.104,     450.348,    450.349,
   57,      140.8,    181.196,     450.341,    451.127,
   58,      143.3,    181.091,     451.816,    451.868,
   59,      145.8,    181.091,     452.368,    452.573,
   60,      148.3,    181.157,     452.868,    453.241,
   61,      150.8,    181.000,     454.254,    453.878,
   62,      153.3,    181.170,     455.043,    454.480,
   63,      155.8,    181.117,     455.174,    455.053,
   64,      158.3,    181.117,     456.168,    455.598,
   65,      160.8,    181.026,     457.282,    456.116,
   66,      163.3,    181.274,     457.760,    456.604,
   67,      165.8,    181.144,     457.206,    457.070,
   68,      168.3,    181.222,     458.443,    457.511,
   69,      170.8,    181.131,     459.116,    457.931,
   70,      175.8,    179.838,     459.191,    460.676,
----,
DateTime:        , 2025/11/18, 16:52:43, 1763499162857,
RFID_EPC:        ,--Not Acquired--,
RFID_UserData:   ,--Not Acquired--,
Barcode:         ,--Not Acquired--,
PIF:,            0.00,
PARs:,            0.0,     0.0,     0.0,     0.0,     0.0,     0.0,
Light:,           0.0,     0.0,     0.0,     0.0,     0.0,     0.0,
Cycles:,            1,
                    1,      69,      70,      70,
Lamps:,        #10000,
Gain:,              5,      25, 
SNR_raw:,     531.93,
Position:,        0.0,              0.0,   NoData,
DataPt,      Time(us),   EX,         EM,       Fit,
==========,==========,==========,==========,=========,
    0,        0.0,      0.000,       0.000,    266.678,
    1,        0.8,    164.315,     267.414,    271.835,
    2,        3.3,    180.008,     277.531,    277.604,
    3,        5.8,    180.296,     286.751,    283.476,
    4,        8.3,    180.074,     292.547,    289.398,
    5,       10.8,    180.361,     296.960,    295.350,
    6,       13.3,    180.439,     302.373,    301.295,
    7,       15.8,    180.387,     307.118,    307.204,
    8,       18.3,    180.452,     312.770,    313.058,
    9,       20.8,    180.609,     317.592,    318.840,
   10,       23.3,    180.504,     323.870,    324.528,
   11,       25.8,    180.596,     329.133,    330.112,
   12,       28.3,    180.413,     334.566,    335.575,
   13,       30.8,    180.570,     339.592,    340.915,
   14,       33.3,    180.713,     345.077,    346.123,
   15,       35.8,    180.792,     350.569,    351.192,
   16,       38.3,    180.857,     355.972,    356.118,
   17,       40.8,    180.935,     360.129,    360.896,
   18,       43.3,    180.661,     365.657,    365.520,
   19,       45.8,    180.948,     369.719,    369.996,
   20,       48.3,    180.766,     374.629,    374.318,
   21,       50.8,    180.739,     378.667,    378.488,
   22,       53.3,    180.974,     382.706,    382.509,
   23,       55.8,    180.896,     387.184,    386.379,
   24,       58.3,    180.805,     390.255,    390.102,
   25,       60.8,    180.961,     394.559,    393.680,
   26,       63.3,    180.870,     398.297,    397.116,
   27,       65.8,    180.909,     400.975,    400.412,
   28,       68.3,    180.988,     403.564,    403.573,
   29,       70.8,    180.988,     407.100,    406.600,
   30,       73.3,    180.961,     409.811,    409.499,
   31,       75.8,    181.027,     412.536,    412.273,
   32,       78.3,    180.909,     415.125,    414.926,
   33,       80.8,    180.961,     418.100,    417.460,
   34,       83.3,    180.922,     420.512,    419.881,
   35,       85.8,    180.909,     422.643,    422.193,
   36,       88.3,    180.974,     424.480,    424.399,
   37,       90.8,    181.001,     426.407,    426.502,
   38,       93.3,    181.144,     428.278,    428.507,
   39,       95.8,    181.079,     430.089,    430.419,
   40,       98.3,    181.157,     432.000,    432.239,
   41,      100.8,    181.144,     433.688,    433.973,
   42,      103.3,    180.974,     436.194,    435.625,
   43,      105.8,    181.066,     436.968,    437.196,
   44,      108.3,    181.092,     438.451,    438.690,
   45,      110.8,    181.040,     440.124,    440.112,
   46,      113.3,    181.001,     441.656,    441.465,
   47,      115.8,    181.092,     442.869,    442.749,
   48,      118.3,    181.092,     442.648,    443.970,
   49,      120.8,    181.105,     444.825,    445.130,
   50,      123.3,    181.092,     445.961,    446.233,
   51,      125.8,    181.249,     447.121,    447.278,
   52,      128.3,    181.170,     447.535,    448.271,
   53,      130.8,    181.209,     449.204,    449.214,
   54,      133.3,    181.092,     449.495,    450.110,
   55,      135.8,    181.223,     450.827,    450.959,
   56,      138.3,    181.079,     451.184,    451.767,
   57,      140.8,    181.118,     452.412,    452.532,
   58,      143.3,    181.001,     452.706,    453.259,
   59,      145.8,    181.236,     453.664,    453.946,
   60,      148.3,    181.066,     454.641,    454.600,
   61,      150.8,    181.196,     455.197,    455.218,
   62,      153.3,    181.131,     456.244,    455.805,
   63,      155.8,    181.144,     456.542,    456.362,
   64,      158.3,    181.066,     457.292,    456.890,
   65,      160.8,    181.183,     457.327,    457.389,
   66,      163.3,    181.144,     458.640,    457.863,
   67,      165.8,    181.066,     459.501,    458.313,
   68,      168.3,    181.144,     459.523,    458.738,
   69,      170.8,    181.144,     460.627,    459.141,
   70,      175.8,    179.969,     460.079,    461.807,
----,
DateTime:        , 2025/11/18, 16:52:51, 1763499171418,
RFID_EPC:        ,--Not Acquired--,
RFID_UserData:   ,--Not Acquired--,
Barcode:         ,--Not Acquired--,
PIF:,            0.00,
PARs:,            0.0,     0.0,     0.0,     0.0,     0.0,     0.0,
Light:,           0.0,     0.0,     0.0,     0.0,     0.0,     0.0,
Cycles:,            1,
                    1,      69,      70,      70,
Lamps:,        #10000,
Gain:,              5,      25, 
SNR_raw:,     554.16,
Position:,        0.0,              0.0,   NoData,
DataPt,      Time(us),   EX,         EM,       Fit,
==========,==========,==========,==========,=========,
    0,        0.0,      0.000,       0.000,    265.698,
    1,        0.8,    164.321,     266.430,    270.757,
    2,        3.3,    180.075,     276.754,    276.489,
    3,        5.8,    180.245,     286.166,    282.381,
    4,        8.3,    180.375,     290.727,    288.378,
    5,       10.8,    180.206,     296.439,    294.428,
    6,       13.3,    180.323,     301.126,    300.497,
    7,       15.8,    180.310,     306.361,    306.550,
    8,       18.3,    180.558,     311.700,    312.564,
    9,       20.8,    180.545,     317.151,    318.510,
   10,       23.3,    180.637,     323.301,    324.369,
   11,       25.8,    180.597,     328.798,    330.122,
   12,       28.3,    180.702,     335.027,    335.759,
   13,       30.8,    180.845,     340.180,    341.269,
   14,       33.3,    180.780,     346.166,    346.639,
   15,       35.8,    180.689,     351.654,    351.862,
   16,       38.3,    180.819,     356.378,    356.937,
   17,       40.8,    180.780,     361.434,    361.856,
   18,       43.3,    180.845,     366.612,    366.619,
   19,       45.8,    180.728,     371.608,    371.222,
   20,       48.3,    180.754,     376.202,    375.667,
   21,       50.8,    180.793,     380.545,    379.954,
   22,       53.3,    180.898,     384.085,    384.084,
   23,       55.8,    180.924,     388.893,    388.059,
   24,       58.3,    180.937,     392.292,    391.880,
   25,       60.8,    181.041,     396.043,    395.551,
   26,       63.3,    180.989,     399.472,    399.075,
   27,       65.8,    180.924,     402.711,    402.453,
   28,       68.3,    180.858,     405.732,    405.691,
   29,       70.8,    181.028,     409.550,    408.792,
   30,       73.3,    180.793,     412.073,    411.759,
   31,       75.8,    180.845,     415.161,    414.597,
   32,       78.3,    180.963,     417.655,    417.309,
   33,       80.8,    181.015,     420.076,    419.901,
   34,       83.3,    181.133,     422.674,    422.375,
   35,       85.8,    181.146,     424.852,    424.737,
   36,       88.3,    181.015,     427.368,    426.991,
   37,       90.8,    181.119,     428.778,    429.139,
   38,       93.3,    181.002,     431.045,    431.188,
   39,       95.8,    181.015,     432.892,    433.140,
   40,       98.3,    180.924,     435.543,    435.000,
   41,      100.8,    180.898,     437.043,    436.770,
   42,      103.3,    181.080,     438.921,    438.454,
   43,      105.8,    181.106,     439.521,    440.057,
   44,      108.3,    181.054,     441.194,    441.582,
   45,      110.8,    181.146,     442.517,    443.031,
   46,      113.3,    181.093,     444.191,    444.410,
   47,      115.8,    181.172,     444.772,    445.719,
   48,      118.3,    181.119,     446.225,    446.964,
   49,      120.8,    181.093,     448.167,    448.148,
   50,      123.3,    181.054,     449.037,    449.272,
   51,      125.8,    181.119,     449.869,    450.339,
   52,      128.3,    181.041,     451.058,    451.354,
   53,      130.8,    181.119,     452.409,    452.315,
   54,      133.3,    181.172,     453.051,    453.228,
   55,      135.8,    181.015,     453.553,    454.096,
   56,      138.3,    181.002,     454.360,    454.919,
   57,      140.8,    181.211,     455.933,    455.698,
   58,      143.3,    181.106,     456.527,    456.438,
   59,      145.8,    181.146,     456.981,    457.140,
   60,      148.3,    181.067,     457.620,    457.806,
   61,      150.8,    181.054,     458.426,    458.438,
   62,      153.3,    181.146,     459.630,    459.036,
   63,      155.8,    181.119,     459.807,    459.603,
   64,      158.3,    181.067,     461.044,    460.142,
   65,      160.8,    181.015,     461.398,    460.653,
   66,      163.3,    181.054,     460.967,    461.137,
   67,      165.8,    181.250,     462.014,    461.593,
   68,      168.3,    181.146,     462.943,    462.026,
   69,      170.8,    181.093,     463.187,    462.438,
   70,      175.8,    179.945,     463.698,    465.309,
----,
DateTime:        , 2025/11/18, 16:53:00, 1763499179963,
RFID_EPC:        ,--Not Acquired--,
RFID_UserData:   ,--Not Acquired--,
Barcode:         ,--Not Acquired--,
PIF:,            0.00,
PARs:,            0.0,     0.0,     0.0,     0.0,     0.0,     0.0,
Light:,           0.0,     0.0,     0.0,     0.0,     0.0,     0.0,
Cycles:,            1,
                    1,      69,      70,      70,
Lamps:,        #10000,
Gain:,              5,      25, 
SNR_raw:,     559.18,
Position:,        0.0,              0.0,   NoData,
DataPt,      Time(us),   EX,         EM,       Fit,
==========,==========,==========,==========,=========,
    0,        0.0,      0.000,       0.000,    265.085,
    1,        0.8,    164.288,     265.875,    270.405,
    2,        3.3,    180.070,     276.488,    276.357,
    3,        5.8,    180.031,     286.173,    282.405,
    4,        8.3,    180.318,     291.041,    288.517,
    5,       10.8,    180.266,     296.562,    294.647,
    6,       13.3,    180.488,     301.848,    300.772,
    7,       15.8,    180.384,     306.680,    306.857,
    8,       18.3,    180.501,     311.799,    312.883,
    9,       20.8,    180.449,     317.874,    318.829,
   10,       23.3,    180.436,     323.550,    324.678,
   11,       25.8,    180.553,     329.543,    330.419,
   12,       28.3,    180.684,     335.282,    336.040,
   13,       30.8,    180.710,     340.656,    341.531,
   14,       33.3,    180.684,     346.351,    346.882,
   15,       35.8,    180.736,     351.341,    352.089,
   16,       38.3,    180.945,     356.020,    357.150,
   17,       40.8,    180.749,     361.938,    362.056,
   18,       43.3,    180.762,     366.670,    366.806,
   19,       45.8,    180.749,     371.565,    371.401,
   20,       48.3,    180.749,     375.991,    375.839,
   21,       50.8,    180.801,     380.639,    380.122,
   22,       53.3,    180.736,     385.092,    384.249,
   23,       55.8,    180.893,     388.739,    388.224,
   24,       58.3,    180.762,     392.671,    392.048,
   25,       60.8,    180.984,     395.615,    395.724,
   26,       63.3,    180.893,     399.795,    399.254,
   27,       65.8,    181.062,     402.955,    402.642,
   28,       68.3,    180.854,     405.964,    405.891,
   29,       70.8,    181.115,     409.906,    409.004,
   30,       73.3,    181.102,     412.365,    411.986,
   31,       75.8,    181.010,     415.336,    414.839,
   32,       78.3,    181.049,     418.118,    417.568,
   33,       80.8,    180.932,     420.048,    420.177,
   34,       83.3,    180.880,     423.265,    422.670,
   35,       85.8,    181.036,     425.439,    425.051,
   36,       88.3,    181.180,     427.420,    427.323,
   37,       90.8,    181.232,     429.504,    429.491,
   38,       93.3,    181.193,     431.805,    431.559,
   39,       95.8,    181.049,     432.921,    433.531,
   40,       98.3,    181.271,     435.149,    435.409,
   41,      100.8,    180.984,     437.386,    437.200,
   42,      103.3,    181.115,     439.501,    438.905,
   43,      105.8,    180.893,     440.924,    440.530,
   44,      108.3,    181.180,     441.219,    442.074,
   45,      110.8,    181.128,     443.223,    443.544,
   46,      113.3,    181.128,     444.769,    444.942,
   47,      115.8,    181.141,     445.731,    446.272,
   48,      118.3,    181.141,     446.835,    447.536,
   49,      120.8,    181.180,     448.284,    448.737,
   50,      123.3,    181.115,     449.108,    449.880,
   51,      125.8,    181.062,     451.005,    450.966,
   52,      128.3,    181.023,     451.876,    451.998,
   53,      130.8,    181.154,     452.764,    452.976,
   54,      133.3,    180.945,     453.287,    453.908,
   55,      135.8,    181.062,     454.539,    454.791,
   56,      138.3,    181.141,     455.557,    455.629,
   57,      140.8,    181.232,     456.210,    456.423,
   58,      143.3,    181.023,     456.847,    457.179,
   59,      145.8,    181.128,     458.130,    457.896,
   60,      148.3,    181.115,     458.715,    458.576,
   61,      150.8,    181.023,     459.167,    459.222,
   62,      153.3,    181.141,     459.753,    459.833,
   63,      155.8,    181.089,     460.769,    460.414,
   64,      158.3,    181.089,     461.211,    460.964,
   65,      160.8,    181.010,     461.742,    461.487,
   66,      163.3,    181.062,     462.271,    461.982,
   67,      165.8,    181.102,     463.718,    462.452,
   68,      168.3,    180.971,     463.942,    462.898,
   69,      170.8,    181.245,     463.902,    463.318,
   70,      175.8,    179.992,     464.354,    466.007,
----,
DateTime:        , 2025/11/18, 16:53:08, 1763499188513,
RFID_EPC:        ,--Not Acquired--,
RFID_UserData:   ,--Not Acquired--,
Barcode:         ,--Not Acquired--,
PIF:,            0.00,
PARs:,            0.0,     0.0,     0.0,     0.0,     0.0,     0.0,
Light:,           0.0,     0.0,     0.0,     0.0,     0.0,     0.0,
Cycles:,            1,
                    1,      69,      70,      70,
Lamps:,        #10000,
Gain:,              5,      25, 
SNR_raw:,     580.21,
Position:,        0.0,              0.0,   NoData,
DataPt,      Time(us),   EX,         EM,       Fit,
==========,==========,==========,==========,=========,
    0,        0.0,      0.000,       0.000,    266.781,
    1,        0.8,    164.383,     266.938,    271.780,
    2,        3.3,    180.035,     277.559,    277.475,
    3,        5.8,    180.048,     287.256,    283.351,
    4,        8.3,    180.401,     291.795,    289.353,
    5,       10.8,    180.244,     297.374,    295.415,
    6,       13.3,    180.466,     302.882,    301.501,
    7,       15.8,    180.414,     307.515,    307.567,
    8,       18.3,    180.388,     312.771,    313.583,
    9,       20.8,    180.557,     318.458,    319.528,
   10,       23.3,    180.675,     324.561,    325.379,
   11,       25.8,    180.570,     330.287,    331.116,
   12,       28.3,    180.727,     336.087,    336.730,
   13,       30.8,    180.701,     341.227,    342.205,
   14,       33.3,    180.805,     346.560,    347.537,
   15,       35.8,    180.688,     351.988,    352.715,
   16,       38.3,    180.766,     357.257,    357.739,
   17,       40.8,    180.753,     361.930,    362.602,
   18,       43.3,    180.897,     366.397,    367.307,
   19,       45.8,    180.884,     372.283,    371.850,
   20,       48.3,    180.871,     376.070,    376.232,
   21,       50.8,    180.962,     380.190,    380.454,
   22,       53.3,    180.884,     384.888,    384.518,
   23,       55.8,    180.910,     389.033,    388.426,
   24,       58.3,    180.936,     392.514,    392.180,
   25,       60.8,    181.001,     396.240,    395.785,
   26,       63.3,    180.962,     399.863,    399.244,
   27,       65.8,    180.845,     403.219,    402.559,
   28,       68.3,    181.054,     406.289,    405.735,
   29,       70.8,    180.949,     408.513,    408.776,
   30,       73.3,    180.832,     413.092,    411.686,
   31,       75.8,    181.027,     414.633,    414.469,
   32,       78.3,    181.132,     417.596,    417.129,
   33,       80.8,    181.027,     420.157,    419.671,
   34,       83.3,    181.132,     422.344,    422.099,
   35,       85.8,    181.054,     424.957,    424.417,
   36,       88.3,    181.093,     426.522,    426.629,
   37,       90.8,    180.962,     429.372,    428.739,
   38,       93.3,    180.962,     430.808,    430.752,
   39,       95.8,    181.001,     432.925,    432.670,
   40,       98.3,    180.975,     434.535,    434.498,
   41,      100.8,    181.184,     436.352,    436.238,
   42,      103.3,    181.132,     437.471,    437.896,
   43,      105.8,    180.962,     439.429,    439.476,
   44,      108.3,    181.054,     440.533,    440.979,
   45,      110.8,    181.132,     441.888,    442.408,
   46,      113.3,    181.014,     443.390,    443.770,
   47,      115.8,    181.067,     445.030,    445.065,
   48,      118.3,    181.054,     445.835,    446.296,
   49,      120.8,    181.145,     447.266,    447.466,
   50,      123.3,    181.184,     447.832,    448.578,
   51,      125.8,    181.014,     449.246,    449.637,
   52,      128.3,    181.001,     450.936,    450.643,
   53,      130.8,    181.145,     451.131,    451.598,
   54,      133.3,    181.106,     452.222,    452.506,
   55,      135.8,    181.145,     453.228,    453.368,
   56,      138.3,    181.171,     453.936,    454.186,
   57,      140.8,    181.093,     454.684,    454.964,
   58,      143.3,    181.132,     455.580,    455.703,
   59,      145.8,    181.040,     456.252,    456.405,
   60,      148.3,    180.792,     457.873,    457.075,
   61,      150.8,    181.027,     457.389,    457.707,
   62,      153.3,    181.054,     458.649,    458.307,
   63,      155.8,    181.132,     458.892,    458.875,
   64,      158.3,    181.184,     459.754,    459.414,
   65,      160.8,    181.080,     460.350,    459.927,
   66,      163.3,    181.288,     460.371,    460.411,
   67,      165.8,    181.027,     461.588,    460.874,
   68,      168.3,    181.106,     462.161,    461.312,
   69,      170.8,    180.910,     462.551,    461.730,
   70,      175.8,    179.852,     462.824,    464.534,
----,
DateTime:        , 2025/11/18, 16:53:17, 1763499196978,
RFID_EPC:        ,--Not Acquired--,
RFID_UserData:   ,--Not Acquired--,
Barcode:         ,--Not Acquired--,
PIF:,            0.00,
PARs:,            0.0,     0.0,     0.0,     0.0,     0.0,     0.0,
Light:,           0.0,     0.0,     0.0,     0.0,     0.0,     0.0,
Cycles:,            1,
                    1,      69,      70,      70,
Lamps:,        #10000,
Gain:,              5,      25, 
SNR_raw:,     636.54,
Position:,        0.0,              0.0,   NoData,
DataPt,      Time(us),   EX,         EM,       Fit,
==========,==========,==========,==========,=========,
    0,        0.0,      0.000,       0.000,    267.073,
    1,        0.8,    164.254,     267.147,    272.208,
    2,        3.3,    179.998,     277.830,    277.986,
    3,        5.8,    180.129,     287.572,    283.891,
    4,        8.3,    180.312,     292.826,    289.877,
    5,       10.8,    180.455,     297.913,    295.903,
    6,       13.3,    180.429,     303.055,    301.930,
    7,       15.8,    180.442,     307.578,    307.928,
    8,       18.3,    180.638,     313.223,    313.876,
    9,       20.8,    180.573,     319.096,    319.749,
   10,       23.3,    180.560,     324.990,    325.527,
   11,       25.8,    180.703,     330.155,    331.201,
   12,       28.3,    180.703,     335.910,    336.754,
   13,       30.8,    180.651,     341.210,    342.175,
   14,       33.3,    180.625,     346.685,    347.457,
   15,       35.8,    180.847,     352.232,    352.597,
   16,       38.3,    180.769,     357.363,    357.587,
   17,       40.8,    180.873,     362.464,    362.425,
   18,       43.3,    180.886,     366.971,    367.108,
   19,       45.8,    180.925,     371.756,    371.635,
   20,       48.3,    180.860,     375.871,    376.005,
   21,       50.8,    180.873,     379.935,    380.219,
   22,       53.3,    180.742,     384.414,    384.276,
   23,       55.8,    180.899,     388.283,    388.182,
   24,       58.3,    180.951,     391.929,    391.937,
   25,       60.8,    180.912,     395.662,    395.543,
   26,       63.3,    180.990,     398.806,    399.004,
   27,       65.8,    181.004,     402.644,    402.324,
   28,       68.3,    180.977,     405.907,    405.505,
   29,       70.8,    180.951,     409.060,    408.551,
   30,       73.3,    181.069,     411.998,    411.467,
   31,       75.8,    181.030,     414.628,    414.255,
   32,       78.3,    180.951,     417.018,    416.921,
   33,       80.8,    181.017,     420.072,    419.467,
   34,       83.3,    181.069,     422.270,    421.898,
   35,       85.8,    180.860,     424.638,    424.220,
   36,       88.3,    181.030,     427.223,    426.433,
   37,       90.8,    181.030,     428.328,    428.544,
   38,       93.3,    181.082,     431.076,    430.556,
   39,       95.8,    181.043,     432.495,    432.474,
   40,       98.3,    181.043,     434.041,    434.300,
   41,      100.8,    181.095,     435.904,    436.039,
   42,      103.3,    181.004,     437.782,    437.695,
   43,      105.8,    180.938,     439.376,    439.271,
   44,      108.3,    181.121,     440.589,    440.768,
   45,      110.8,    180.977,     442.707,    442.194,
   46,      113.3,    180.990,     443.449,    443.549,
   47,      115.8,    181.173,     445.099,    444.836,
   48,      118.3,    181.043,     445.972,    446.060,
   49,      120.8,    181.134,     446.962,    447.222,
   50,      123.3,    181.069,     447.786,    448.327,
   51,      125.8,    181.056,     448.923,    449.376,
   52,      128.3,    181.043,     449.949,    450.372,
   53,      130.8,    181.069,     451.210,    451.318,
   54,      133.3,    181.095,     451.697,    452.216,
   55,      135.8,    181.147,     452.229,    453.067,
   56,      138.3,    181.160,     453.411,    453.875,
   57,      140.8,    181.147,     454.658,    454.641,
   58,      143.3,    181.108,     454.646,    455.369,
   59,      145.8,    181.147,     455.431,    456.059,
   60,      148.3,    180.990,     456.599,    456.715,
   61,      150.8,    181.134,     457.120,    457.336,
   62,      153.3,    180.977,     458.068,    457.926,
   63,      155.8,    181.069,     458.500,    458.484,
   64,      158.3,    181.186,     459.969,    459.012,
   65,      160.8,    181.030,     459.593,    459.515,
   66,      163.3,    180.938,     460.710,    459.992,
   67,      165.8,    180.977,     460.720,    460.444,
   68,      168.3,    181.186,     461.735,    460.870,
   69,      170.8,    181.108,     462.376,    461.274,
   70,      175.8,    179.933,     462.505,    464.050,
----,
DateTime:        , 2025/11/18, 16:53:25, 1763499205552,
RFID_EPC:        ,--Not Acquired--,
RFID_UserData:   ,--Not Acquired--,
Barcode:         ,--Not Acquired--,
PIF:,            0.00,
PARs:,            0.0,     0.0,     0.0,     0.0,     0.0,     0.0,
Light:,           0.0,     0.0,     0.0,     0.0,     0.0,     0.0,
Cycles:,            1,
                    1,      69,      70,      70,
Lamps:,        #10000,
Gain:,              5,      25, 
SNR_raw:,     546.85,
Position:,        0.0,              0.0,   NoData,
DataPt,      Time(us),   EX,         EM,       Fit,
==========,==========,==========,==========,=========,
    0,        0.0,      0.000,       0.000,    267.075,
    1,        0.8,    164.386,     267.420,    271.940,
    2,        3.3,    180.114,     277.625,    277.527,
    3,        5.8,    180.179,     286.936,    283.326,
    4,        8.3,    180.206,     292.000,    289.265,
    5,       10.8,    180.362,     297.069,    295.287,
    6,       13.3,    180.310,     303.034,    301.339,
    7,       15.8,    180.401,     306.539,    307.382,
    8,       18.3,    180.519,     312.765,    313.384,
    9,       20.8,    180.441,     318.221,    319.314,
   10,       23.3,    180.689,     323.762,    325.156,
   11,       25.8,    180.519,     330.159,    330.884,
   12,       28.3,    180.806,     335.276,    336.492,
   13,       30.8,    180.728,     341.619,    341.962,
   14,       33.3,    180.897,     346.605,    347.290,
   15,       35.8,    180.793,     352.115,    352.466,
   16,       38.3,    180.728,     357.112,    357.485,
   17,       40.8,    180.819,     361.688,    362.346,
   18,       43.3,    180.767,     367.213,    367.047,
   19,       45.8,    180.845,     371.257,    371.586,
   20,       48.3,    180.793,     375.900,    375.965,
   21,       50.8,    180.871,     380.270,    380.184,
   22,       53.3,    180.963,     384.278,    384.247,
   23,       55.8,    180.871,     388.453,    388.153,
   24,       58.3,    180.858,     392.130,    391.907,
   25,       60.8,    181.067,     395.875,    395.512,
   26,       63.3,    180.910,     399.424,    398.970,
   27,       65.8,    181.002,     401.764,    402.285,
   28,       68.3,    181.015,     406.376,    405.463,
   29,       70.8,    181.041,     409.300,    408.505,
   30,       73.3,    180.858,     411.593,    411.417,
   31,       75.8,    180.976,     415.083,    414.201,
   32,       78.3,    180.910,     417.334,    416.864,
   33,       80.8,    180.989,     420.026,    419.408,
   34,       83.3,    180.937,     421.916,    421.838,
   35,       85.8,    180.963,     424.065,    424.158,
   36,       88.3,    180.989,     426.546,    426.372,
   37,       90.8,    180.858,     428.844,    428.485,
   38,       93.3,    180.937,     430.869,    430.499,
   39,       95.8,    181.132,     432.391,    432.419,
   40,       98.3,    181.002,     434.581,    434.249,
   41,      100.8,    181.106,     435.987,    435.992,
   42,      103.3,    181.054,     437.439,    437.653,
   43,      105.8,    180.989,     438.922,    439.235,
   44,      108.3,    181.002,     439.996,    440.741,
   45,      110.8,    181.093,     441.651,    442.173,
   46,      113.3,    180.976,     443.043,    443.537,
   47,      115.8,    181.054,     444.729,    444.834,
   48,      118.3,    180.858,     445.874,    446.070,
   49,      120.8,    181.171,     446.759,    447.241,
   50,      123.3,    181.015,     448.361,    448.357,
   51,      125.8,    181.015,     449.908,    449.417,
   52,      128.3,    181.080,     450.850,    450.424,
   53,      130.8,    181.328,     451.337,    451.379,
   54,      133.3,    181.080,     451.955,    452.289,
   55,      135.8,    181.171,     452.499,    453.152,
   56,      138.3,    181.132,     453.701,    453.973,
   57,      140.8,    181.106,     454.209,    454.752,
   58,      143.3,    181.119,     455.611,    455.493,
   59,      145.8,    181.185,     456.441,    456.195,
   60,      148.3,    181.067,     456.847,    456.863,
   61,      150.8,    181.171,     457.688,    457.495,
   62,      153.3,    181.093,     457.775,    458.097,
   63,      155.8,    181.145,     458.637,    458.667,
   64,      158.3,    181.015,     459.741,    459.210,
   65,      160.8,    180.937,     460.272,    459.726,
   66,      163.3,    181.315,     460.304,    460.210,
   67,      165.8,    181.158,     461.254,    460.672,
   68,      168.3,    181.224,     461.750,    461.110,
   69,      170.8,    181.185,     461.960,    461.526,
   70,      175.8,    179.905,     462.243,    464.216,
----,
DateTime:        , 2025/11/18, 16:53:34, 1763499214037,
RFID_EPC:        ,--Not Acquired--,
RFID_UserData:   ,--Not Acquired--,
Barcode:         ,--Not Acquired--,
PIF:,            0.00,
PARs:,            0.0,     0.0,     0.0,     0.0,     0.0,     0.0,
Light:,           0.0,     0.0,     0.0,     0.0,     0.0,     0.0,
Cycles:,            1,
                    1,      69,      70,      70,
Lamps:,        #10000,
Gain:,              5,      25, 
SNR_raw:,     602.80,
Position:,        0.0,              0.0,   NoData,
DataPt,      Time(us),   EX,         EM,       Fit,
==========,==========,==========,==========,=========,
    0,        0.0,      0.000,       0.000,    265.828,
    1,        0.8,    164.312,     266.809,    271.044,
    2,        3.3,    180.015,     277.000,    276.891,
    3,        5.8,    180.237,     286.290,    282.853,
    4,        8.3,    180.172,     291.611,    288.879,
    5,       10.8,    180.459,     297.021,    294.940,
    6,       13.3,    180.394,     301.341,    300.996,
    7,       15.8,    180.498,     306.707,    307.023,
    8,       18.3,    180.589,     312.089,    312.996,
    9,       20.8,    180.446,     318.323,    318.891,
   10,       23.3,    180.576,     323.520,    324.696,
   11,       25.8,    180.628,     329.627,    330.395,
   12,       28.3,    180.563,     334.841,    335.973,
   13,       30.8,    180.602,     340.749,    341.422,
   14,       33.3,    180.694,     346.000,    346.737,
   15,       35.8,    180.733,     351.679,    351.908,
   16,       38.3,    180.837,     356.674,    356.934,
   17,       40.8,    180.694,     361.274,    361.805,
   18,       43.3,    180.746,     366.260,    366.524,
   19,       45.8,    180.824,     370.747,    371.088,
   20,       48.3,    180.876,     375.947,    375.496,
   21,       50.8,    180.824,     379.595,    379.749,
   22,       53.3,    180.876,     384.019,    383.848,
   23,       55.8,    180.955,     388.495,    387.795,
   24,       58.3,    181.072,     391.667,    391.592,
   25,       60.8,    180.876,     395.850,    395.239,
   26,       63.3,    181.216,     399.744,    398.743,
   27,       65.8,    180.916,     402.729,    402.103,
   28,       68.3,    180.955,     405.958,    405.324,
   29,       70.8,    180.863,     408.927,    408.409,
   30,       73.3,    181.020,     411.446,    411.362,
   31,       75.8,    181.020,     414.319,    414.188,
   32,       78.3,    180.981,     417.503,    416.890,
   33,       80.8,    180.942,     419.804,    419.472,
   34,       83.3,    180.850,     422.449,    421.938,
   35,       85.8,    181.046,     425.195,    424.292,
   36,       88.3,    180.968,     426.595,    426.538,
   37,       90.8,    181.085,     428.859,    428.680,
   38,       93.3,    181.125,     430.533,    430.722,
   39,       95.8,    181.125,     432.631,    432.668,
   40,       98.3,    181.033,     434.285,    434.522,
   41,      100.8,    180.929,     436.636,    436.288,
   42,      103.3,    180.994,     438.026,    437.969,
   43,      105.8,    180.994,     439.352,    439.568,
   44,      108.3,    181.164,     441.038,    441.089,
   45,      110.8,    181.085,     442.112,    442.536,
   46,      113.3,    181.046,     443.975,    443.912,
   47,      115.8,    180.994,     444.656,    445.220,
   48,      118.3,    181.242,     445.702,    446.461,
   49,      120.8,    181.177,     447.519,    447.641,
   50,      123.3,    181.072,     448.329,    448.763,
   51,      125.8,    181.281,     448.585,    449.826,
   52,      128.3,    181.111,     450.441,    450.838,
   53,      130.8,    181.151,     451.227,    451.798,
   54,      133.3,    181.111,     452.318,    452.709,
   55,      135.8,    181.007,     452.800,    453.575,
   56,      138.3,    180.968,     454.003,    454.398,
   57,      140.8,    181.125,     455.377,    455.176,
   58,      143.3,    181.046,     456.016,    455.915,
   59,      145.8,    181.203,     456.505,    456.614,
   60,      148.3,    181.033,     456.822,    457.279,
   61,      150.8,    181.072,     458.380,    457.909,
   62,      153.3,    181.033,     458.811,    458.506,
   63,      155.8,    181.164,     459.474,    459.072,
   64,      158.3,    181.098,     460.081,    459.608,
   65,      160.8,    181.151,     460.611,    460.116,
   66,      163.3,    181.125,     461.340,    460.598,
   67,      165.8,    181.033,     461.904,    461.055,
   68,      168.3,    181.203,     462.465,    461.487,
   69,      170.8,    181.046,     463.639,    461.897,
   70,      175.8,    179.898,     462.374,    464.602,
----,
DateTime:        , 2025/11/18, 16:53:42, 1763499222589,
RFID_EPC:        ,--Not Acquired--,
RFID_UserData:   ,--Not Acquired--,
Barcode:         ,--Not Acquired--,
PIF:,            0.00,
PARs:,            0.0,     0.0,     0.0,     0.0,     0.0,     0.0,
Light:,           0.0,     0.0,     0.0,     0.0,     0.0,     0.0,
Cycles:,            1,
                    1,      69,      70,      70,
Lamps:,        #10000,
Gain:,              5,      25, 
SNR_raw:,     570.07,
Position:,        0.0,              0.0,   NoData,
DataPt,      Time(us),   EX,         EM,       Fit,
==========,==========,==========,==========,=========,
    0,        0.0,      0.000,       0.000,    266.835,
    1,        0.8,    164.368,     267.084,    271.700,
    2,        3.3,    180.111,     277.299,    277.286,
    3,        5.8,    180.098,     286.622,    283.083,
    4,        8.3,    180.333,     291.793,    289.025,
    5,       10.8,    180.385,     297.253,    295.046,
    6,       13.3,    180.516,     302.245,    301.101,
    7,       15.8,    180.411,     307.187,    307.141,
    8,       18.3,    180.542,     312.614,    313.140,
    9,       20.8,    180.594,     318.172,    319.068,
   10,       23.3,    180.594,     323.488,    324.901,
   11,       25.8,    180.712,     330.250,    330.625,
   12,       28.3,    180.712,     334.566,    336.223,
   13,       30.8,    180.725,     340.961,    341.684,
   14,       33.3,    180.842,     345.605,    347.001,
   15,       35.8,    180.881,     351.391,    352.167,
   16,       38.3,    180.712,     356.701,    357.175,
   17,       40.8,    180.907,     361.732,    362.027,
   18,       43.3,    180.829,     365.981,    366.717,
   19,       45.8,    180.699,     371.115,    371.245,
   20,       48.3,    180.855,     375.660,    375.614,
   21,       50.8,    180.829,     380.470,    379.823,
   22,       53.3,    180.790,     384.645,    383.875,
   23,       55.8,    180.960,     387.600,    387.774,
   24,       58.3,    180.947,     392.160,    391.520,
   25,       60.8,    180.816,     395.872,    395.118,
   26,       63.3,    180.816,     398.748,    398.570,
   27,       65.8,    180.921,     402.276,    401.881,
   28,       68.3,    181.077,     405.131,    405.054,
   29,       70.8,    181.012,     407.929,    408.094,
   30,       73.3,    180.803,     411.276,    411.004,
   31,       75.8,    180.973,     414.096,    413.789,
   32,       78.3,    180.881,     417.622,    416.453,
   33,       80.8,    180.894,     419.471,    418.999,
   34,       83.3,    180.960,     422.193,    421.432,
   35,       85.8,    180.881,     424.035,    423.757,
   36,       88.3,    181.064,     426.037,    425.976,
   37,       90.8,    180.934,     428.555,    428.095,
   38,       93.3,    181.182,     430.286,    430.115,
   39,       95.8,    180.999,     432.268,    432.044,
   40,       98.3,    180.960,     434.130,    433.884,
   41,      100.8,    181.025,     435.299,    435.638,
   42,      103.3,    181.064,     437.304,    437.309,
   43,      105.8,    180.986,     438.266,    438.902,
   44,      108.3,    180.894,     440.146,    440.420,
   45,      110.8,    181.051,     441.754,    441.865,
   46,      113.3,    180.999,     443.097,    443.241,
   47,      115.8,    181.025,     444.580,    444.551,
   48,      118.3,    181.090,     445.634,    445.797,
   49,      120.8,    181.051,     446.504,    446.984,
   50,      123.3,    181.051,     447.719,    448.113,
   51,      125.8,    181.142,     448.487,    449.186,
   52,      128.3,    181.221,     449.728,    450.206,
   53,      130.8,    181.012,     451.462,    451.179,
   54,      133.3,    181.247,     452.311,    452.101,
   55,      135.8,    181.090,     452.482,    452.980,
   56,      138.3,    181.195,     453.766,    453.815,
   57,      140.8,    181.156,     454.527,    454.609,
   58,      143.3,    181.064,     455.308,    455.364,
   59,      145.8,    181.038,     455.816,    456.082,
   60,      148.3,    181.247,     456.504,    456.762,
   61,      150.8,    180.999,     457.682,    457.411,
   62,      153.3,    181.116,     457.938,    458.026,
   63,      155.8,    181.182,     458.656,    458.610,
   64,      158.3,    181.142,     459.528,    459.165,
   65,      160.8,    181.051,     460.091,    459.693,
   66,      163.3,    180.973,     460.732,    460.196,
   67,      165.8,    181.064,     461.604,    460.672,
   68,      168.3,    181.064,     461.273,    461.123,
   69,      170.8,    181.430,     462.218,    461.547,
   70,      175.8,    180.007,     462.760,    464.391,
----,
DateTime:        , 2025/11/18, 16:53:51, 1763499231095,
RFID_EPC:        ,--Not Acquired--,
RFID_UserData:   ,--Not Acquired--,
Barcode:         ,--Not Acquired--,
PIF:,            0.00,
PARs:,            0.0,     0.0,     0.0,     0.0,     0.0,     0.0,
Light:,           0.0,     0.0,     0.0,     0.0,     0.0,     0.0,
Cycles:,            1,
                    1,      69,      70,      70,
Lamps:,        #10000,
Gain:,              5,      25, 
SNR_raw:,     475.46,
Position:,        0.0,              0.0,   NoData,
DataPt,      Time(us),   EX,         EM,       Fit,
==========,==========,==========,==========,=========,
    0,        0.0,      0.000,       0.000,    267.391,
    1,        0.8,    164.283,     267.466,    272.397,
    2,        3.3,    180.079,     278.222,    278.070,
    3,        5.8,    180.118,     288.033,    283.898,
    4,        8.3,    180.236,     292.062,    289.827,
    5,       10.8,    180.327,     298.236,    295.812,
    6,       13.3,    180.445,     302.918,    301.813,
    7,       15.8,    180.419,     307.507,    307.795,
    8,       18.3,    180.523,     312.647,    313.731,
    9,       20.8,    180.432,     318.458,    319.594,
   10,       23.3,    180.484,     324.683,    325.369,
   11,       25.8,    180.797,     329.983,    331.043,
   12,       28.3,    180.680,     335.511,    336.596,
   13,       30.8,    180.849,     341.168,    342.022,
   14,       33.3,    180.745,     346.676,    347.307,
   15,       35.8,    180.745,     351.877,    352.448,
   16,       38.3,    180.771,     357.026,    357.439,
   17,       40.8,    180.706,     361.582,    362.276,
   18,       43.3,    181.006,     366.838,    366.960,
   19,       45.8,    180.823,     371.080,    371.487,
   20,       48.3,    180.941,     376.256,    375.858,
   21,       50.8,    180.836,     380.565,    380.071,
   22,       53.3,    180.863,     384.159,    384.130,
   23,       55.8,    180.758,     388.586,    388.035,
   24,       58.3,    180.915,     392.008,    391.790,
   25,       60.8,    180.902,     396.569,    395.397,
   26,       63.3,    181.045,     399.127,    398.860,
   27,       65.8,    180.928,     403.144,    402.180,
   28,       68.3,    180.902,     405.635,    405.362,
   29,       70.8,    180.876,     408.679,    408.410,
   30,       73.3,    180.836,     411.422,    411.327,
   31,       75.8,    180.954,     414.581,    414.118,
   32,       78.3,    180.836,     418.168,    416.786,
   33,       80.8,    181.189,     419.121,    419.335,
   34,       83.3,    180.993,     421.784,    421.770,
   35,       85.8,    180.967,     424.387,    424.095,
   36,       88.3,    180.902,     426.309,    426.314,
   37,       90.8,    180.954,     428.286,    428.430,
   38,       93.3,    181.019,     430.562,    430.447,
   39,       95.8,    181.019,     432.661,    432.370,
   40,       98.3,    181.019,     434.319,    434.202,
   41,      100.8,    181.176,     436.261,    435.946,
   42,      103.3,    180.967,     437.317,    437.608,
   43,      105.8,    181.137,     438.233,    439.188,
   44,      108.3,    181.124,     440.362,    440.693,
   45,      110.8,    181.084,     441.451,    442.125,
   46,      113.3,    181.267,     443.544,    443.485,
   47,      115.8,    180.967,     444.280,    444.781,
   48,      118.3,    181.163,     445.897,    446.012,
   49,      120.8,    180.941,     446.997,    447.183,
   50,      123.3,    181.163,     447.995,    448.294,
   51,      125.8,    181.150,     449.242,    449.350,
   52,      128.3,    181.058,     449.910,    450.353,
   53,      130.8,    181.111,     451.216,    451.306,
   54,      133.3,    181.215,     452.170,    452.210,
   55,      135.8,    181.202,     453.417,    453.068,
   56,      138.3,    181.071,     453.081,    453.884,
   57,      140.8,    181.150,     454.762,    454.658,
   58,      143.3,    181.058,     454.881,    455.393,
   59,      145.8,    181.098,     456.439,    456.090,
   60,      148.3,    181.124,     456.153,    456.752,
   61,      150.8,    181.084,     458.129,    457.379,
   62,      153.3,    180.967,     458.316,    457.976,
   63,      155.8,    181.228,     458.980,    458.539,
   64,      158.3,    181.176,     459.002,    459.073,
   65,      160.8,    181.228,     459.531,    459.579,
   66,      163.3,    181.084,     460.559,    460.061,
   67,      165.8,    181.150,     461.165,    460.517,
   68,      168.3,    181.111,     461.928,    460.950,
   69,      170.8,    181.124,     461.894,    461.360,
   70,      175.8,    179.701,     462.770,    464.018,
----,
DateTime:        , 2025/11/18, 16:53:59, 1763499239610,
RFID_EPC:        ,--Not Acquired--,
RFID_UserData:   ,--Not Acquired--,
Barcode:         ,--Not Acquired--,
PIF:,            0.00,
PARs:,            0.0,     0.0,     0.0,     0.0,     0.0,     0.0,
Light:,           0.0,     0.0,     0.0,     0.0,     0.0,     0.0,
Cycles:,            1,
                    1,      69,      70,      70,
Lamps:,        #10000,
Gain:,              5,      25, 
SNR_raw:,     618.64,
Position:,        0.0,              0.0,   NoData,
DataPt,      Time(us),   EX,         EM,       Fit,
==========,==========,==========,==========,=========,
    0,        0.0,      0.000,       0.000,    267.531,
    1,        0.8,    164.274,     268.333,    272.694,
    2,        3.3,    180.151,     278.567,    278.500,
    3,        5.8,    180.203,     287.897,    284.425,
    4,        8.3,    180.203,     293.224,    290.421,
    5,       10.8,    180.543,     298.655,    296.458,
    6,       13.3,    180.451,     303.461,    302.489,
    7,       15.8,    180.582,     308.447,    308.491,
    8,       18.3,    180.621,     313.252,    314.438,
    9,       20.8,    180.700,     318.872,    320.308,
   10,       23.3,    180.660,     325.362,    326.082,
   11,       25.8,    180.673,     330.541,    331.746,
   12,       28.3,    180.595,     336.111,    337.286,
   13,       30.8,    180.882,     341.437,    342.700,
   14,       33.3,    180.791,     347.694,    347.973,
   15,       35.8,    180.739,     352.221,    353.099,
   16,       38.3,    180.739,     357.533,    358.076,
   17,       40.8,    180.895,     362.751,    362.901,
   18,       43.3,    180.974,     367.236,    367.572,
   19,       45.8,    180.817,     372.974,    372.085,
   20,       48.3,    180.948,     376.794,    376.444,
   21,       50.8,    180.752,     381.186,    380.645,
   22,       53.3,    180.935,     384.891,    384.694,
   23,       55.8,    180.974,     388.896,    388.590,
   24,       58.3,    180.804,     392.580,    392.336,
   25,       60.8,    180.791,     396.480,    395.934,
   26,       63.3,    180.895,     399.900,    399.389,
   27,       65.8,    181.130,     403.024,    402.703,
   28,       68.3,    180.974,     406.910,    405.880,
   29,       70.8,    181.091,     409.407,    408.923,
   30,       73.3,    181.013,     412.346,    411.837,
   31,       75.8,    180.974,     414.867,    414.625,
   32,       78.3,    180.987,     417.821,    417.291,
   33,       80.8,    181.000,     420.000,    419.839,
   34,       83.3,    181.065,     422.500,    422.273,
   35,       85.8,    180.843,     425.230,    424.598,
   36,       88.3,    180.987,     427.434,    426.816,
   37,       90.8,    180.974,     429.123,    428.933,
   38,       93.3,    180.987,     431.081,    430.952,
   39,       95.8,    180.987,     432.739,    432.877,
   40,       98.3,    180.948,     434.380,    434.711,
   41,      100.8,    181.065,     435.644,    436.458,
   42,      103.3,    181.065,     438.295,    438.122,
   43,      105.8,    180.961,     439.764,    439.708,
   44,      108.3,    181.052,     440.757,    441.216,
   45,      110.8,    181.065,     442.382,    442.652,
   46,      113.3,    181.196,     443.609,    444.017,
   47,      115.8,    180.948,     445.101,    445.317,
   48,      118.3,    180.882,     446.146,    446.555,
   49,      120.8,    181.000,     447.072,    447.730,
   50,      123.3,    181.039,     448.080,    448.847,
   51,      125.8,    181.130,     449.510,    449.908,
   52,      128.3,    181.026,     450.764,    450.917,
   53,      130.8,    181.013,     451.570,    451.876,
   54,      133.3,    181.091,     452.589,    452.786,
   55,      135.8,    181.013,     453.669,    453.652,
   56,      138.3,    181.065,     454.201,    454.473,
   57,      140.8,    181.026,     455.736,    455.253,
   58,      143.3,    181.013,     455.879,    455.994,
   59,      145.8,    180.935,     456.408,    456.699,
   60,      148.3,    181.196,     457.185,    457.364,
   61,      150.8,    181.143,     457.538,    457.997,
   62,      153.3,    181.026,     458.498,    458.599,
   63,      155.8,    181.078,     459.470,    459.169,
   64,      158.3,    181.065,     460.166,    459.710,
   65,      160.8,    181.143,     460.408,    460.223,
   66,      163.3,    181.052,     461.304,    460.711,
   67,      165.8,    181.117,     462.352,    461.172,
   68,      168.3,    181.130,     463.092,    461.610,
   69,      170.8,    181.091,     462.750,    462.026,
   70,      175.8,    180.021,     463.725,    464.886,
----,
DateTime:        , 2025/11/18, 16:54:08, 1763499248164,
RFID_EPC:        ,--Not Acquired--,
RFID_UserData:   ,--Not Acquired--,
Barcode:         ,--Not Acquired--,
PIF:,            0.00,
PARs:,            0.0,     0.0,     0.0,     0.0,     0.0,     0.0,
Light:,           0.0,     0.0,     0.0,     0.0,     0.0,     0.0,
Cycles:,            1,
                    1,      69,      70,      70,
Lamps:,        #10000,
Gain:,              5,      25, 
SNR_raw:,     618.91,
Position:,        0.0,              0.0,   NoData,
DataPt,      Time(us),   EX,         EM,       Fit,
==========,==========,==========,==========,=========,
    0,        0.0,      0.000,       0.000,    268.693,
    1,        0.8,    164.396,     268.620,    273.610,
    2,        3.3,    179.946,     279.098,    279.211,
    3,        5.8,    180.286,     288.653,    285.004,
    4,        8.3,    180.351,     293.982,    290.919,
    5,       10.8,    180.364,     299.062,    296.903,
    6,       13.3,    180.469,     304.097,    302.915,
    7,       15.8,    180.521,     308.441,    308.917,
    8,       18.3,    180.586,     314.531,    314.878,
    9,       20.8,    180.586,     319.737,    320.772,
   10,       23.3,    180.599,     326.026,    326.578,
   11,       25.8,    180.586,     331.476,    332.278,
   12,       28.3,    180.678,     337.397,    337.861,
   13,       30.8,    180.769,     341.984,    343.314,
   14,       33.3,    180.782,     347.712,    348.629,
   15,       35.8,    180.730,     352.792,    353.797,
   16,       38.3,    180.834,     358.007,    358.815,
   17,       40.8,    180.808,     363.479,    363.678,
   18,       43.3,    180.847,     367.935,    368.385,
   19,       45.8,    180.756,     372.768,    372.934,
   20,       48.3,    180.939,     376.923,    377.326,
   21,       50.8,    180.978,     381.925,    381.562,
   22,       53.3,    180.939,     385.877,    385.642,
   23,       55.8,    180.926,     390.216,    389.568,
   24,       58.3,    180.913,     393.450,    393.343,
   25,       60.8,    181.017,     397.642,    396.969,
   26,       63.3,    181.017,     401.067,    400.451,
   27,       65.8,    181.108,     404.288,    403.790,
   28,       68.3,    180.873,     407.246,    406.991,
   29,       70.8,    181.004,     409.825,    410.057,
   30,       73.3,    180.913,     413.459,    412.993,
   31,       75.8,    181.082,     415.943,    415.801,
   32,       78.3,    180.991,     419.248,    418.488,
   33,       80.8,    181.004,     421.427,    421.055,
   34,       83.3,    180.795,     424.569,    423.509,
   35,       85.8,    180.991,     426.209,    425.851,
   36,       88.3,    180.965,     428.371,    428.087,
   37,       90.8,    181.017,     430.125,    430.221,
   38,       93.3,    181.017,     432.335,    432.256,
   39,       95.8,    180.926,     434.433,    434.197,
   40,       98.3,    181.148,     436.329,    436.046,
   41,      100.8,    181.017,     437.970,    437.809,
   42,      103.3,    181.004,     439.769,    439.488,
   43,      105.8,    181.135,     440.998,    441.086,
   44,      108.3,    180.939,     442.139,    442.610,
   45,      110.8,    181.004,     443.968,    444.059,
   46,      113.3,    181.030,     445.672,    445.438,
   47,      115.8,    181.095,     446.395,    446.750,
   48,      118.3,    181.161,     447.448,    447.997,
   49,      120.8,    181.121,     448.760,    449.183,
   50,      123.3,    181.161,     449.656,    450.311,
   51,      125.8,    180.978,     451.215,    451.385,
   52,      128.3,    181.030,     451.969,    452.405,
   53,      130.8,    181.056,     452.788,    453.375,
   54,      133.3,    180.978,     454.420,    454.296,
   55,      135.8,    181.082,     454.821,    455.171,
   56,      138.3,    180.978,     455.636,    456.002,
   57,      140.8,    181.161,     456.722,    456.790,
   58,      143.3,    181.121,     457.041,    457.539,
   59,      145.8,    181.148,     457.969,    458.249,
   60,      148.3,    181.108,     459.173,    458.925,
   61,      150.8,    181.056,     459.195,    459.566,
   62,      153.3,    181.004,     460.321,    460.176,
   63,      155.8,    181.226,     460.641,    460.752,
   64,      158.3,    181.108,     461.712,    461.300,
   65,      160.8,    181.030,     462.575,    461.821,
   66,      163.3,    181.030,     463.127,    462.316,
   67,      165.8,    181.148,     463.048,    462.783,
   68,      168.3,    181.017,     464.376,    463.228,
   69,      170.8,    181.017,     464.376,    463.651,
   70,      175.8,    179.803,     464.732,    466.460,
----,
DateTime:        , 2025/11/18, 16:54:16, 1763499256639,
RFID_EPC:        ,--Not Acquired--,
RFID_UserData:   ,--Not Acquired--,
Barcode:         ,--Not Acquired--,
PIF:,            0.00,
PARs:,            0.0,     0.0,     0.0,     0.0,     0.0,     0.0,
Light:,           0.0,     0.0,     0.0,     0.0,     0.0,     0.0,
Cycles:,            1,
                    1,      69,      70,      70,
Lamps:,        #10000,
Gain:,              5,      25, 
SNR_raw:,     560.70,
Position:,        0.0,              0.0,   NoData,
DataPt,      Time(us),   EX,         EM,       Fit,
==========,==========,==========,==========,=========,
    0,        0.0,      0.000,       0.000,    268.245,
    1,        0.8,    164.193,     269.195,    273.527,
    2,        3.3,    180.252,     279.570,    279.453,
    3,        5.8,    180.122,     289.027,    285.476,
    4,        8.3,    180.552,     294.097,    291.570,
    5,       10.8,    180.330,     299.561,    297.681,
    6,       13.3,    180.435,     304.487,    303.786,
    7,       15.8,    180.370,     309.919,    309.851,
    8,       18.3,    180.631,     314.786,    315.864,
    9,       20.8,    180.461,     321.177,    321.792,
   10,       23.3,    180.644,     326.388,    327.627,
   11,       25.8,    180.461,     332.703,    333.349,
   12,       28.3,    180.539,     337.987,    338.949,
   13,       30.8,    180.605,     343.734,    344.418,
   14,       33.3,    180.748,     348.551,    349.751,
   15,       35.8,    180.761,     354.279,    354.938,
   16,       38.3,    180.827,     360.235,    359.976,
   17,       40.8,    180.944,     364.201,    364.863,
   18,       43.3,    180.944,     369.396,    369.594,
   19,       45.8,    180.787,     374.473,    374.166,
   20,       48.3,    180.814,     378.512,    378.582,
   21,       50.8,    180.748,     382.964,    382.841,
   22,       53.3,    180.774,     387.555,    386.945,
   23,       55.8,    181.035,     390.752,    390.898,
   24,       58.3,    180.957,     395.453,    394.698,
   25,       60.8,    181.009,     398.211,    398.350,
   26,       63.3,    181.179,     402.806,    401.857,
   27,       65.8,    180.892,     405.436,    405.221,
   28,       68.3,    181.062,     409.474,    408.445,
   29,       70.8,    181.101,     411.705,    411.534,
   30,       73.3,    180.970,     415.096,    414.492,
   31,       75.8,    181.022,     417.517,    417.321,
   32,       78.3,    181.062,     420.520,    420.026,
   33,       80.8,    180.866,     422.966,    422.611,
   34,       83.3,    180.879,     425.589,    425.080,
   35,       85.8,    180.905,     427.739,    427.438,
   36,       88.3,    180.996,     430.285,    429.687,
   37,       90.8,    181.022,     431.770,    431.832,
   38,       93.3,    181.009,     433.679,    433.878,
   39,       95.8,    181.088,     436.032,    435.828,
   40,       98.3,    180.970,     438.083,    437.685,
   41,      100.8,    180.996,     439.899,    439.455,
   42,      103.3,    180.905,     440.895,    441.139,
   43,      105.8,    181.166,     442.577,    442.742,
   44,      108.3,    181.022,     444.807,    444.267,
   45,      110.8,    181.192,     445.604,    445.717,
   46,      113.3,    180.957,     446.183,    447.098,
   47,      115.8,    181.009,     447.933,    448.410,
   48,      118.3,    181.062,     449.239,    449.657,
   49,      120.8,    181.075,     450.201,    450.842,
   50,      123.3,    181.127,     451.396,    451.967,
   51,      125.8,    181.088,     452.378,    453.036,
   52,      128.3,    181.140,     453.572,    454.051,
   53,      130.8,    180.970,     454.661,    455.017,
   54,      133.3,    181.035,     456.043,    455.933,
   55,      135.8,    180.931,     456.417,    456.803,
   56,      138.3,    181.153,     457.183,    457.627,
   57,      140.8,    180.983,     458.164,    458.411,
   58,      143.3,    181.218,     458.673,    459.152,
   59,      145.8,    181.114,     459.159,    459.856,
   60,      148.3,    181.166,     460.351,    460.523,
   61,      150.8,    181.088,     461.434,    461.157,
   62,      153.3,    181.153,     462.151,    461.758,
   63,      155.8,    181.062,     462.826,    462.328,
   64,      158.3,    181.127,     462.659,    462.869,
   65,      160.8,    181.127,     463.653,    463.381,
   66,      163.3,    181.088,     464.858,    463.867,
   67,      165.8,    181.062,     465.477,    464.328,
   68,      168.3,    181.101,     465.929,    464.764,
   69,      170.8,    181.166,     466.644,    465.177,
   70,      175.8,    179.952,     466.125,    467.770,
----,
DateTime:        , 2025/11/18, 16:54:25, 1763499265131,
RFID_EPC:        ,--Not Acquired--,
RFID_UserData:   ,--Not Acquired--,
Barcode:         ,--Not Acquired--,
PIF:,            0.00,
PARs:,            0.0,     0.0,     0.0,     0.0,     0.0,     0.0,
Light:,           0.0,     0.0,     0.0,     0.0,     0.0,     0.0,
Cycles:,            1,
                    1,      69,      70,      70,
Lamps:,        #10000,
Gain:,              5,      25, 
SNR_raw:,     690.13,
Position:,        0.0,              0.0,   NoData,
DataPt,      Time(us),   EX,         EM,       Fit,
==========,==========,==========,==========,=========,
    0,        0.0,      0.000,       0.000,    269.939,
    1,        0.8,    164.362,     270.622,    275.094,
    2,        3.3,    180.014,     280.965,    280.920,
    3,        5.8,    180.236,     290.397,    286.900,
    4,        8.3,    180.223,     295.745,    292.975,
    5,       10.8,    180.405,     300.989,    299.103,
    6,       13.3,    180.419,     306.288,    305.241,
    7,       15.8,    180.445,     310.455,    311.357,
    8,       18.3,    180.523,     316.857,    317.423,
    9,       20.8,    180.327,     322.858,    323.410,
   10,       23.3,    180.432,     328.989,    329.305,
   11,       25.8,    180.758,     333.706,    335.096,
   12,       28.3,    180.601,     339.754,    340.760,
   13,       30.8,    180.849,     345.481,    346.295,
   14,       33.3,    180.510,     350.895,    351.682,
   15,       35.8,    180.784,     356.226,    356.925,
   16,       38.3,    180.680,     361.524,    362.011,
   17,       40.8,    180.784,     366.736,    366.942,
   18,       43.3,    180.836,     371.275,    371.715,
   19,       45.8,    180.849,     376.004,    376.327,
   20,       48.3,    180.862,     381.063,    380.779,
   21,       50.8,    180.771,     385.681,    385.070,
   22,       53.3,    180.928,     389.106,    389.204,
   23,       55.8,    180.771,     393.979,    393.181,
   24,       58.3,    180.901,     397.233,    397.004,
   25,       60.8,    181.032,     401.034,    400.677,
   26,       63.3,    180.784,     404.792,    404.201,
   27,       65.8,    180.875,     407.905,    407.581,
   28,       68.3,    180.823,     411.452,    410.820,
   29,       70.8,    180.915,     414.339,    413.922,
   30,       73.3,    180.875,     417.636,    416.891,
   31,       75.8,    180.836,     420.491,    419.731,
   32,       78.3,    181.084,     422.566,    422.446,
   33,       80.8,    180.993,     425.873,    425.041,
   34,       83.3,    181.084,     427.757,    427.519,
   35,       85.8,    181.019,     429.789,    429.885,
   36,       88.3,    181.071,     432.427,    432.143,
   37,       90.8,    181.071,     434.304,    434.297,
   38,       93.3,    180.980,     436.402,    436.351,
   39,       95.8,    180.901,     438.471,    438.309,
   40,       98.3,    181.045,     439.669,    440.174,
   41,      100.8,    181.032,     442.132,    441.951,
   42,      103.3,    181.045,     443.425,    443.643,
   43,      105.8,    180.941,     445.339,    445.254,
   44,      108.3,    181.241,     446.147,    446.785,
   45,      110.8,    181.163,     447.664,    448.243,
   46,      113.3,    181.110,     449.339,    449.631,
   47,      115.8,    181.319,     450.366,    450.948,
   48,      118.3,    181.032,     451.964,    452.204,
   49,      120.8,    181.136,     453.029,    453.396,
   50,      123.3,    181.045,     454.251,    454.531,
   51,      125.8,    181.084,     455.479,    455.608,
   52,      128.3,    181.019,     456.085,    456.632,
   53,      130.8,    181.084,     457.356,    457.605,
   54,      133.3,    181.071,     458.494,    458.528,
   55,      135.8,    181.136,     459.433,    459.404,
   56,      138.3,    181.202,     460.481,    460.236,
   57,      140.8,    181.006,     460.869,    461.027,
   58,      143.3,    181.176,     461.431,    461.776,
   59,      145.8,    181.150,     462.491,    462.488,
   60,      148.3,    181.215,     462.876,    463.163,
   61,      150.8,    181.136,     463.849,    463.804,
   62,      153.3,    181.084,     464.535,    464.413,
   63,      155.8,    181.032,     465.001,    464.991,
   64,      158.3,    181.267,     466.053,    465.537,
   65,      160.8,    181.293,     466.648,    466.054,
   66,      163.3,    181.123,     466.864,    466.547,
   67,      165.8,    181.202,     468.097,    467.014,
   68,      168.3,    181.123,     468.079,    467.457,
   69,      170.8,    181.215,     468.174,    467.877,
   70,      175.8,    179.857,     468.928,    470.791,
----,
DateTime:        , 2025/11/18, 16:54:33, 1763499273689,
RFID_EPC:        ,--Not Acquired--,
RFID_UserData:   ,--Not Acquired--,
Barcode:         ,--Not Acquired--,
PIF:,            0.00,
PARs:,            0.0,     0.0,     0.0,     0.0,     0.0,     0.0,
Light:,           0.0,     0.0,     0.0,     0.0,     0.0,     0.0,
Cycles:,            1,
                    1,      69,      70,      70,
Lamps:,        #10000,
Gain:,              5,      25, 
SNR_raw:,     598.95,
Position:,        0.0,              0.0,   NoData,
DataPt,      Time(us),   EX,         EM,       Fit,
==========,==========,==========,==========,=========,
    0,        0.0,      0.000,       0.000,    270.578,
    1,        0.8,    164.384,     271.438,    275.929,
    2,        3.3,    180.064,     282.241,    281.929,
    3,        5.8,    180.286,     292.092,    288.048,
    4,        8.3,    180.181,     296.590,    294.231,
    5,       10.8,    180.299,     302.276,    300.444,
    6,       13.3,    180.234,     307.157,    306.649,
    7,       15.8,    180.377,     312.345,    312.822,
    8,       18.3,    180.299,     318.360,    318.932,
    9,       20.8,    180.547,     323.683,    324.967,
   10,       23.3,    180.547,     330.219,    330.903,
   11,       25.8,    180.651,     336.117,    336.727,
   12,       28.3,    180.782,     341.295,    342.428,
   13,       30.8,    180.769,     346.520,    347.993,
   14,       33.3,    180.769,     353.047,    353.414,
   15,       35.8,    180.926,     358.048,    358.688,
   16,       38.3,    180.952,     363.412,    363.807,
   17,       40.8,    180.730,     368.949,    368.766,
   18,       43.3,    180.664,     373.621,    373.563,
   19,       45.8,    180.913,     378.525,    378.203,
   20,       48.3,    180.704,     382.505,    382.678,
   21,       50.8,    180.782,     387.317,    386.994,
   22,       53.3,    180.926,     390.879,    391.152,
   23,       55.8,    180.795,     395.144,    395.152,
   24,       58.3,    180.978,     399.386,    398.997,
   25,       60.8,    180.756,     403.417,    402.689,
   26,       63.3,    180.978,     407.122,    406.233,
   27,       65.8,    180.821,     410.350,    409.630,
   28,       68.3,    181.043,     413.161,    412.886,
   29,       70.8,    181.213,     416.637,    416.004,
   30,       73.3,    180.939,     419.479,    418.987,
   31,       75.8,    180.782,     422.608,    421.840,
   32,       78.3,    180.952,     424.975,    424.566,
   33,       80.8,    180.978,     427.566,    427.170,
   34,       83.3,    180.939,     430.201,    429.657,
   35,       85.8,    180.899,     432.284,    432.029,
   36,       88.3,    181.134,     434.594,    434.292,
   37,       90.8,    180.952,     436.691,    436.449,
   38,       93.3,    181.017,     438.412,    438.506,
   39,       95.8,    181.043,     440.337,    440.464,
   40,       98.3,    181.017,     442.279,    442.330,
   41,      100.8,    181.004,     443.968,    444.106,
   42,      103.3,    181.095,     445.622,    445.795,
   43,      105.8,    180.899,     446.878,    447.404,
   44,      108.3,    181.134,     449.059,    448.933,
   45,      110.8,    180.952,     449.844,    450.387,
   46,      113.3,    181.004,     451.592,    451.770,
   47,      115.8,    181.030,     452.743,    453.083,
   48,      118.3,    181.056,     453.671,    454.331,
   49,      120.8,    181.108,     454.866,    455.516,
   50,      123.3,    180.978,     456.852,    456.642,
   51,      125.8,    181.161,     457.826,    457.710,
   52,      128.3,    181.161,     458.267,    458.724,
   53,      130.8,    181.187,     458.643,    459.686,
   54,      133.3,    181.134,     460.100,    460.600,
   55,      135.8,    181.213,     461.557,    461.466,
   56,      138.3,    181.291,     461.688,    462.288,
   57,      140.8,    181.134,     462.861,    463.068,
   58,      143.3,    181.108,     463.148,    463.809,
   59,      145.8,    180.926,     464.279,    464.514,
   60,      148.3,    181.056,     465.160,    465.180,
   61,      150.8,    181.174,     465.851,    465.810,
   62,      153.3,    181.056,     466.927,    466.409,
   63,      155.8,    181.161,     467.651,    466.976,
   64,      158.3,    181.161,     468.424,    467.513,
   65,      160.8,    181.121,     468.636,    468.022,
   66,      163.3,    181.304,     469.597,    468.503,
   67,      165.8,    181.226,     469.028,    468.959,
   68,      168.3,    181.174,     470.709,    469.392,
   69,      170.8,    181.343,     470.930,    469.801,
   70,      175.8,    179.829,     470.892,    472.469,
----,
DateTime:        , 2025/11/18, 16:54:42, 1763499282186,
RFID_EPC:        ,--Not Acquired--,
RFID_UserData:   ,--Not Acquired--,
Barcode:         ,--Not Acquired--,
PIF:,            0.00,
PARs:,            0.0,     0.0,     0.0,     0.0,     0.0,     0.0,
Light:,           0.0,     0.0,     0.0,     0.0,     0.0,     0.0,
Cycles:,            1,
                    1,      69,      70,      70,
Lamps:,        #10000,
Gain:,              5,      25, 
SNR_raw:,     544.91,
Position:,        0.0,              0.0,   NoData,
DataPt,      Time(us),   EX,         EM,       Fit,
==========,==========,==========,==========,=========,
    0,        0.0,      0.000,       0.000,    273.246,
    1,        0.8,    164.439,     273.171,    278.205,
    2,        3.3,    180.107,     283.991,    283.895,
    3,        5.8,    180.290,     293.860,    289.803,
    4,        8.3,    180.329,     299.230,    295.854,
    5,       10.8,    180.499,     304.046,    301.992,
    6,       13.3,    180.512,     309.121,    308.163,
    7,       15.8,    180.421,     313.379,    314.324,
    8,       18.3,    180.590,     319.286,    320.447,
    9,       20.8,    180.538,     325.693,    326.499,
   10,       23.3,    180.551,     331.873,    332.457,
   11,       25.8,    180.617,     337.178,    338.305,
   12,       28.3,    180.682,     343.034,    344.028,
   13,       30.8,    180.551,     349.042,    349.611,
   14,       33.3,    180.773,     354.477,    355.050,
   15,       35.8,    180.865,     359.717,    360.336,
   16,       38.3,    180.995,     364.540,    365.466,
   17,       40.8,    180.839,     369.943,    370.431,
   18,       43.3,    180.773,     375.166,    375.232,
   19,       45.8,    180.878,     379.483,    379.869,
   20,       48.3,    180.917,     384.265,    384.342,
   21,       50.8,    180.799,     388.939,    388.650,
   22,       53.3,    180.708,     393.342,    392.797,
   23,       55.8,    180.812,     397.429,    396.784,
   24,       58.3,    180.812,     400.857,    400.616,
   25,       60.8,    180.917,     403.721,    404.294,
   26,       63.3,    180.799,     408.740,    407.822,
   27,       65.8,    180.930,     411.651,    411.204,
   28,       68.3,    180.943,     415.158,    414.445,
   29,       70.8,    181.034,     417.379,    417.548,
   30,       73.3,    180.982,     421.147,    420.517,
   31,       75.8,    181.034,     423.566,    423.356,
   32,       78.3,    181.008,     426.610,    426.071,
   33,       80.8,    180.878,     429.130,    428.665,
   34,       83.3,    180.943,     431.407,    431.142,
   35,       85.8,    180.904,     434.153,    433.507,
   36,       88.3,    181.034,     436.160,    435.763,
   37,       90.8,    181.008,     437.770,    437.915,
   38,       93.3,    180.943,     440.581,    439.968,
   39,       95.8,    181.139,     441.981,    441.923,
   40,       98.3,    180.956,     444.307,    443.788,
   41,      100.8,    181.047,     445.740,    445.564,
   42,      103.3,    180.995,     447.415,    447.256,
   43,      105.8,    181.217,     448.523,    448.865,
   44,      108.3,    181.087,     450.061,    450.399,
   45,      110.8,    181.126,     451.841,    451.857,
   46,      113.3,    180.943,     453.071,    453.247,
   47,      115.8,    181.021,     454.311,    454.568,
   48,      118.3,    180.917,     455.679,    455.826,
   49,      120.8,    181.113,     456.290,    457.019,
   50,      123.3,    181.100,     458.311,    458.154,
   51,      125.8,    181.178,     458.444,    459.232,
   52,      128.3,    181.113,     460.045,    460.257,
   53,      130.8,    181.126,     460.343,    461.232,
   54,      133.3,    180.982,     461.703,    462.159,
   55,      135.8,    181.178,     462.087,    463.038,
   56,      138.3,    181.217,     463.974,    463.872,
   57,      140.8,    181.034,     464.553,    464.666,
   58,      143.3,    181.034,     465.768,    465.421,
   59,      145.8,    181.034,     466.099,    466.137,
   60,      148.3,    181.191,     466.910,    466.815,
   61,      150.8,    181.204,     467.539,    467.458,
   62,      153.3,    181.074,     467.876,    468.071,
   63,      155.8,    180.956,     469.064,    468.654,
   64,      158.3,    181.126,     469.066,    469.205,
   65,      160.8,    181.074,     470.196,    469.728,
   66,      163.3,    181.178,     470.697,    470.223,
   67,      165.8,    181.152,     471.648,    470.694,
   68,      168.3,    181.034,     471.844,    471.142,
   69,      170.8,    181.087,     472.481,    471.566,
   70,      175.8,    179.911,     473.344,    474.550,
----,
DateTime:        , 2025/11/18, 16:54:50, 1763499290681,
RFID_EPC:        ,--Not Acquired--,
RFID_UserData:   ,--Not Acquired--,
Barcode:         ,--Not Acquired--,
PIF:,            0.00,
PARs:,            0.0,     0.0,     0.0,     0.0,     0.0,     0.0,
Light:,           0.0,     0.0,     0.0,     0.0,     0.0,     0.0,
Cycles:,            1,
                    1,      69,      70,      70,
Lamps:,        #10000,
Gain:,              5,      25, 
SNR_raw:,     624.72,
Position:,        0.0,              0.0,   NoData,
DataPt,      Time(us),   EX,         EM,       Fit,
==========,==========,==========,==========,=========,
    0,        0.0,      0.000,       0.000,    273.201,
    1,        0.8,    164.447,     273.279,    278.196,
    2,        3.3,    180.089,     284.087,    283.932,
    3,        5.8,    180.024,     293.961,    289.884,
    4,        8.3,    180.089,     298.741,    295.984,
    5,       10.8,    180.272,     304.873,    302.173,
    6,       13.3,    180.298,     309.598,    308.397,
    7,       15.8,    180.507,     313.672,    314.618,
    8,       18.3,    180.572,     319.540,    320.799,
    9,       20.8,    180.625,     325.648,    326.909,
   10,       23.3,    180.481,     331.780,    332.923,
   11,       25.8,    180.781,     337.978,    338.829,
   12,       28.3,    180.677,     343.376,    344.606,
   13,       30.8,    180.833,     349.603,    350.245,
   14,       33.3,    180.625,     355.212,    355.732,
   15,       35.8,    180.886,     360.449,    361.066,
   16,       38.3,    180.820,     365.556,    366.238,
   17,       40.8,    180.703,     370.442,    371.245,
   18,       43.3,    180.820,     376.064,    376.087,
   19,       45.8,    180.938,     380.683,    380.763,
   20,       48.3,    180.860,     385.824,    385.272,
   21,       50.8,    180.873,     390.219,    389.615,
   22,       53.3,    181.016,     394.329,    393.795,
   23,       55.8,    180.990,     398.364,    397.814,
   24,       58.3,    180.964,     401.848,    401.674,
   25,       60.8,    180.964,     406.048,    405.379,
   26,       63.3,    180.964,     409.474,    408.932,
   27,       65.8,    181.055,     412.360,    412.337,
   28,       68.3,    181.003,     415.904,    415.598,
   29,       70.8,    181.003,     418.667,    418.719,
   30,       73.3,    180.964,     421.852,    421.705,
   31,       75.8,    180.925,     424.817,    424.559,
   32,       78.3,    181.121,     427.339,    427.286,
   33,       80.8,    180.912,     430.265,    429.892,
   34,       83.3,    181.108,     432.671,    432.378,
   35,       85.8,    181.003,     435.572,    434.751,
   36,       88.3,    180.990,     437.482,    437.014,
   37,       90.8,    180.873,     439.868,    439.173,
   38,       93.3,    181.134,     441.442,    441.229,
   39,       95.8,    181.029,     443.354,    443.189,
   40,       98.3,    181.003,     444.965,    445.055,
   41,      100.8,    181.082,     446.539,    446.832,
   42,      103.3,    181.121,     448.099,    448.524,
   43,      105.8,    181.173,     449.736,    450.133,
   44,      108.3,    180.925,     451.679,    451.666,
   45,      110.8,    180.847,     453.313,    453.125,
   46,      113.3,    180.951,     453.714,    454.511,
   47,      115.8,    180.925,     455.990,    455.829,
   48,      118.3,    181.042,     456.689,    457.081,
   49,      120.8,    181.003,     457.892,    458.271,
   50,      123.3,    181.068,     459.163,    459.401,
   51,      125.8,    181.029,     460.036,    460.475,
   52,      128.3,    181.277,     461.392,    461.492,
   53,      130.8,    181.042,     462.433,    462.461,
   54,      133.3,    181.029,     463.019,    463.382,
   55,      135.8,    181.160,     463.568,    464.254,
   56,      138.3,    181.134,     464.960,    465.083,
   57,      140.8,    181.042,     465.526,    465.870,
   58,      143.3,    180.847,     466.915,    466.620,
   59,      145.8,    181.134,     467.169,    467.328,
   60,      148.3,    181.029,     467.770,    468.001,
   61,      150.8,    181.290,     468.971,    468.635,
   62,      153.3,    181.068,     469.767,    469.241,
   63,      155.8,    181.173,     469.717,    469.814,
   64,      158.3,    181.134,     470.812,    470.358,
   65,      160.8,    181.225,     471.458,    470.873,
   66,      163.3,    181.095,     472.018,    471.363,
   67,      165.8,    181.121,     472.503,    471.827,
   68,      168.3,    181.082,     472.715,    472.268,
   69,      170.8,    181.121,     472.944,    472.685,
   70,      175.8,    179.789,     473.555,    475.590,
----,
DateTime:        , 2025/11/18, 16:54:59, 1763499299189,
RFID_EPC:        ,--Not Acquired--,
RFID_UserData:   ,--Not Acquired--,
Barcode:         ,--Not Acquired--,
PIF:,            0.00,
PARs:,            0.0,     0.0,     0.0,     0.0,     0.0,     0.0,
Light:,           0.0,     0.0,     0.0,     0.0,     0.0,     0.0,
Cycles:,            1,
                    1,      69,      70,      70,
Lamps:,        #10000,
Gain:,              5,      25, 
SNR_raw:,     623.57,
Position:,        0.0,              0.0,   NoData,
DataPt,      Time(us),   EX,         EM,       Fit,
==========,==========,==========,==========,=========,
    0,        0.0,      0.000,       0.000,    273.180,
    1,        0.8,    164.227,     273.889,    278.405,
    2,        3.3,    180.182,     284.614,    284.307,
    3,        5.8,    180.169,     294.390,    290.349,
    4,        8.3,    180.313,     298.925,    296.485,
    5,       10.8,    180.457,     304.450,    302.671,
    6,       13.3,    180.339,     309.750,    308.863,
    7,       15.8,    180.404,     314.183,    315.034,
    8,       18.3,    180.561,     320.335,    321.157,
    9,       20.8,    180.430,     326.331,    327.205,
   10,       23.3,    180.535,     332.124,    333.162,
   11,       25.8,    180.535,     338.439,    339.011,
   12,       28.3,    180.705,     344.208,    344.740,
   13,       30.8,    180.692,     349.435,    350.337,
   14,       33.3,    180.900,     354.781,    355.795,
   15,       35.8,    180.835,     360.218,    361.103,
   16,       38.3,    180.861,     365.474,    366.257,
   17,       40.8,    180.783,     370.942,    371.254,
   18,       43.3,    180.731,     376.029,    376.089,
   19,       45.8,    180.678,     380.898,    380.763,
   20,       48.3,    180.652,     385.381,    385.274,
   21,       50.8,    180.900,     390.049,    389.627,
   22,       53.3,    180.705,     394.124,    393.817,
   23,       55.8,    180.900,     398.230,    397.851,
   24,       58.3,    180.927,     402.152,    401.729,
   25,       60.8,    180.979,     406.125,    405.453,
   26,       63.3,    180.953,     409.278,    409.028,
   27,       65.8,    181.018,     413.329,    412.455,
   28,       68.3,    181.018,     416.423,    415.739,
   29,       70.8,    180.927,     419.949,    418.884,
   30,       73.3,    180.940,     422.240,    421.893,
   31,       75.8,    181.005,     424.961,    424.771,
   32,       78.3,    181.018,     428.355,    427.521,
   33,       80.8,    180.874,     430.465,    430.149,
   34,       83.3,    180.979,     433.532,    432.657,
   35,       85.8,    181.018,     435.205,    435.050,
   36,       88.3,    180.900,     437.920,    437.334,
   37,       90.8,    181.057,     439.640,    439.510,
   38,       93.3,    181.162,     441.484,    441.584,
   39,       95.8,    181.018,     443.492,    443.561,
   40,       98.3,    180.966,     444.946,    445.443,
   41,      100.8,    181.044,     446.632,    447.235,
   42,      103.3,    181.031,     449.205,    448.941,
   43,      105.8,    181.044,     450.277,    450.563,
   44,      108.3,    181.018,     451.557,    452.106,
   45,      110.8,    181.018,     453.436,    453.574,
   46,      113.3,    180.979,     454.418,    454.969,
   47,      115.8,    181.096,     456.221,    456.294,
   48,      118.3,    181.135,     457.006,    457.553,
   49,      120.8,    181.096,     458.320,    458.749,
   50,      123.3,    181.044,     459.336,    459.886,
   51,      125.8,    181.149,     460.727,    460.964,
   52,      128.3,    181.057,     461.180,    461.989,
   53,      130.8,    181.162,     463.012,    462.960,
   54,      133.3,    181.122,     463.554,    463.883,
   55,      135.8,    181.175,     464.083,    464.758,
   56,      138.3,    180.900,     465.892,    465.591,
   57,      140.8,    181.188,     466.257,    466.378,
   58,      143.3,    181.162,     466.876,    467.125,
   59,      145.8,    181.214,     467.404,    467.832,
   60,      148.3,    181.083,     468.514,    468.505,
   61,      150.8,    181.227,     468.805,    469.141,
   62,      153.3,    181.083,     469.839,    469.746,
   63,      155.8,    181.083,     470.391,    470.320,
   64,      158.3,    181.070,     471.419,    470.864,
   65,      160.8,    180.966,     472.576,    471.380,
   66,      163.3,    181.227,     472.888,    471.866,
   67,      165.8,    181.240,     472.964,    472.327,
   68,      168.3,    181.201,     473.618,    472.764,
   69,      170.8,    181.135,     474.231,    473.179,
   70,      175.8,    180.000,     474.890,    476.147,
----,
DateTime:        , 2025/11/18, 16:55:07, 1763499307753,
RFID_EPC:        ,--Not Acquired--,
RFID_UserData:   ,--Not Acquired--,
Barcode:         ,--Not Acquired--,
PIF:,            0.00,
PARs:,            0.0,     0.0,     0.0,     0.0,     0.0,     0.0,
Light:,           0.0,     0.0,     0.0,     0.0,     0.0,     0.0,
Cycles:,            1,
                    1,      69,      70,      70,
Lamps:,        #10000,
Gain:,              5,      25, 
SNR_raw:,     637.00,
Position:,        0.0,              0.0,   NoData,
DataPt,      Time(us),   EX,         EM,       Fit,
==========,==========,==========,==========,=========,
    0,        0.0,      0.000,       0.000,    273.316,
    1,        0.8,    164.394,     274.219,    278.628,
    2,        3.3,    180.144,     284.763,    284.605,
    3,        5.8,    180.314,     294.376,    290.716,
    4,        8.3,    180.222,     299.963,    296.903,
    5,       10.8,    180.549,     305.070,    303.137,
    6,       13.3,    180.366,     309.926,    309.366,
    7,       15.8,    180.444,     315.222,    315.567,
    8,       18.3,    180.523,     320.957,    321.713,
    9,       20.8,    180.575,     326.735,    327.782,
   10,       23.3,    180.692,     332.388,    333.756,
   11,       25.8,    180.588,     338.450,    339.614,
   12,       28.3,    180.731,     344.378,    345.350,
   13,       30.8,    180.810,     350.202,    350.951,
   14,       33.3,    181.019,     355.212,    356.410,
   15,       35.8,    180.823,     361.016,    361.716,
   16,       38.3,    180.745,     366.816,    366.866,
   17,       40.8,    180.784,     371.826,    371.857,
   18,       43.3,    180.901,     376.780,    376.688,
   19,       45.8,    180.849,     380.760,    381.357,
   20,       48.3,    180.862,     386.261,    385.863,
   21,       50.8,    180.771,     390.771,    390.208,
   22,       53.3,    180.927,     394.855,    394.393,
   23,       55.8,    180.888,     398.921,    398.419,
   24,       58.3,    181.032,     402.581,    402.290,
   25,       60.8,    180.758,     406.622,    406.007,
   26,       63.3,    181.019,     410.123,    409.575,
   27,       65.8,    180.836,     413.856,    412.996,
   28,       68.3,    180.967,     417.094,    416.275,
   29,       70.8,    180.862,     420.099,    419.414,
   30,       73.3,    181.006,     422.860,    422.419,
   31,       75.8,    181.019,     425.481,    425.292,
   32,       78.3,    180.940,     428.539,    428.040,
   33,       80.8,    180.953,     431.161,    430.665,
   34,       83.3,    181.006,     433.246,    433.171,
   35,       85.8,    181.162,     435.852,    435.563,
   36,       88.3,    180.849,     438.487,    437.847,
   37,       90.8,    180.914,     440.098,    440.024,
   38,       93.3,    180.888,     442.373,    442.100,
   39,       95.8,    180.980,     443.917,    444.077,
   40,       98.3,    180.993,     446.427,    445.961,
   41,      100.8,    180.901,     447.205,    447.756,
   42,      103.3,    181.058,     449.138,    449.464,
   43,      105.8,    180.953,     450.392,    451.089,
   44,      108.3,    181.189,     451.905,    452.635,
   45,      110.8,    181.071,     453.855,    454.106,
   46,      113.3,    181.149,     455.757,    455.504,
   47,      115.8,    181.071,     456.175,    456.834,
   48,      118.3,    180.993,     458.030,    458.100,
   49,      120.8,    180.927,     458.858,    459.303,
   50,      123.3,    181.032,     459.698,    460.444,
   51,      125.8,    180.940,     461.146,    461.530,
   52,      128.3,    181.032,     461.687,    462.560,
   53,      130.8,    181.058,     463.277,    463.538,
   54,      133.3,    181.175,     464.080,    464.466,
   55,      135.8,    181.149,     464.810,    465.347,
   56,      138.3,    181.045,     465.741,    466.184,
   57,      140.8,    181.162,     466.763,    466.977,
   58,      143.3,    180.993,     468.085,    467.732,
   59,      145.8,    181.202,     468.097,    468.446,
   60,      148.3,    180.953,     469.181,    469.126,
   61,      150.8,    180.927,     469.802,    469.772,
   62,      153.3,    180.993,     471.069,    470.383,
   63,      155.8,    181.202,     471.409,    470.960,
   64,      158.3,    181.071,     472.522,    471.509,
   65,      160.8,    181.123,     472.606,    472.029,
   66,      163.3,    181.149,     472.759,    472.522,
   67,      165.8,    181.215,     474.134,    472.989,
   68,      168.3,    181.254,     474.583,    473.430,
   69,      170.8,    181.254,     474.693,    473.849,
   70,      175.8,    179.856,     475.045,    476.780,
----,
DateTime:        , 2025/11/18, 16:55:16, 1763499316304,
RFID_EPC:        ,--Not Acquired--,
RFID_UserData:   ,--Not Acquired--,
Barcode:         ,--Not Acquired--,
PIF:,            0.00,
PARs:,            0.0,     0.0,     0.0,     0.0,     0.0,     0.0,
Light:,           0.0,     0.0,     0.0,     0.0,     0.0,     0.0,
Cycles:,            1,
                    1,      69,      70,      70,
Lamps:,        #10000,
Gain:,              5,      25, 
SNR_raw:,     581.55,
Position:,        0.0,              0.0,   NoData,
DataPt,      Time(us),   EX,         EM,       Fit,
==========,==========,==========,==========,=========,
    0,        0.0,      0.000,       0.000,    273.953,
    1,        0.8,    164.199,     274.667,    279.388,
    2,        3.3,    179.996,     285.526,    285.473,
    3,        5.8,    180.218,     295.420,    291.669,
    4,        8.3,    180.349,     300.862,    297.929,
    5,       10.8,    180.257,     305.896,    304.209,
    6,       13.3,    180.414,     311.617,    310.484,
    7,       15.8,    180.401,     316.406,    316.721,
    8,       18.3,    180.336,     322.066,    322.894,
    9,       20.8,    180.545,     328.118,    328.989,
   10,       23.3,    180.649,     334.129,    334.987,
   11,       25.8,    180.571,     340.255,    340.870,
   12,       28.3,    180.610,     345.496,    346.626,
   13,       30.8,    180.793,     351.010,    352.249,
   14,       33.3,    180.636,     357.183,    357.726,
   15,       35.8,    180.688,     362.614,    363.052,
   16,       38.3,    180.766,     367.546,    368.224,
   17,       40.8,    180.871,     372.531,    373.238,
   18,       43.3,    180.910,     377.867,    378.092,
   19,       45.8,    180.923,     383.036,    382.783,
   20,       48.3,    181.015,     387.593,    387.313,
   21,       50.8,    180.975,     391.766,    391.680,
   22,       53.3,    180.884,     396.387,    395.885,
   23,       55.8,    180.819,     400.512,    399.930,
   24,       58.3,    180.858,     404.074,    403.818,
   25,       60.8,    180.806,     408.062,    407.552,
   26,       63.3,    181.041,     411.620,    411.135,
   27,       65.8,    180.819,     415.001,    414.570,
   28,       68.3,    181.080,     418.158,    417.861,
   29,       70.8,    181.001,     421.433,    421.012,
   30,       73.3,    181.015,     424.938,    424.026,
   31,       75.8,    181.145,     427.282,    426.908,
   32,       78.3,    180.975,     429.893,    429.662,
   33,       80.8,    180.910,     432.701,    432.292,
   34,       83.3,    181.067,     435.419,    434.802,
   35,       85.8,    180.988,     437.376,    437.197,
   36,       88.3,    181.223,     439.347,    439.480,
   37,       90.8,    180.910,     441.987,    441.657,
   38,       93.3,    181.093,     444.302,    443.730,
   39,       95.8,    181.067,     445.913,    445.704,
   40,       98.3,    180.975,     447.575,    447.584,
   41,      100.8,    181.184,     448.714,    449.372,
   42,      103.3,    181.223,     450.383,    451.073,
   43,      105.8,    181.132,     452.377,    452.691,
   44,      108.3,    181.054,     453.567,    454.230,
   45,      110.8,    180.975,     455.421,    455.694,
   46,      113.3,    181.119,     456.716,    457.083,
   47,      115.8,    181.106,     458.627,    458.402,
   48,      118.3,    181.080,     459.355,    459.656,
   49,      120.8,    181.093,     460.427,    460.846,
   50,      123.3,    181.223,     461.088,    461.975,
   51,      125.8,    181.015,     463.057,    463.048,
   52,      128.3,    181.184,     463.396,    464.064,
   53,      130.8,    181.041,     464.868,    465.030,
   54,      133.3,    181.106,     466.578,    465.946,
   55,      135.8,    181.132,     466.290,    466.814,
   56,      138.3,    181.001,     467.841,    467.638,
   57,      140.8,    181.001,     468.062,    468.420,
   58,      143.3,    181.080,     469.075,    469.160,
   59,      145.8,    180.884,     470.136,    469.864,
   60,      148.3,    181.067,     470.324,    470.528,
   61,      150.8,    181.106,     471.437,    471.158,
   62,      153.3,    181.067,     471.760,    471.754,
   63,      155.8,    181.263,     472.353,    472.317,
   64,      158.3,    181.106,     472.983,    472.853,
   65,      160.8,    181.080,     473.714,    473.360,
   66,      163.3,    181.119,     474.384,    473.841,
   67,      165.8,    181.054,     474.224,    474.296,
   68,      168.3,    181.028,     475.618,    474.728,
   69,      170.8,    181.041,     476.247,    475.137,
   70,      175.8,    179.840,     476.870,    477.962,
----,
DateTime:        , 2025/11/18, 16:55:25, 1763499324874,
RFID_EPC:        ,--Not Acquired--,
RFID_UserData:   ,--Not Acquired--,
Barcode:         ,--Not Acquired--,
PIF:,            0.00,
PARs:,            0.0,     0.0,     0.0,     0.0,     0.0,     0.0,
Light:,           0.0,     0.0,     0.0,     0.0,     0.0,     0.0,
Cycles:,            1,
                    1,      69,      70,      70,
Lamps:,        #10000,
Gain:,              5,      25, 
SNR_raw:,     575.02,
Position:,        0.0,              0.0,   NoData,
DataPt,      Time(us),   EX,         EM,       Fit,
==========,==========,==========,==========,=========,
    0,        0.0,      0.000,       0.000,    274.782,
    1,        0.8,    164.265,     274.921,    279.951,
    2,        3.3,    180.012,     286.039,    285.835,
    3,        5.8,    180.234,     296.171,    291.909,
    4,        8.3,    180.286,     300.745,    298.102,
    5,       10.8,    180.312,     306.358,    304.361,
    6,       13.3,    180.456,     310.880,    310.644,
    7,       15.8,    180.429,     316.689,    316.908,
    8,       18.3,    180.482,     322.470,    323.124,
    9,       20.8,    180.599,     328.684,    329.268,
   10,       23.3,    180.534,     334.674,    335.314,
   11,       25.8,    180.612,     340.398,    341.246,
   12,       28.3,    180.717,     345.845,    347.051,
   13,       30.8,    180.743,     351.771,    352.717,
   14,       33.3,    180.717,     357.576,    358.234,
   15,       35.8,    180.860,     362.490,    363.596,
   16,       38.3,    180.769,     368.758,    368.797,
   17,       40.8,    180.821,     373.518,    373.834,
   18,       43.3,    180.782,     378.799,    378.705,
   19,       45.8,    180.847,     383.307,    383.410,
   20,       48.3,    180.782,     387.871,    387.947,
   21,       50.8,    180.913,     392.123,    392.319,
   22,       53.3,    180.886,     396.934,    396.527,
   23,       55.8,    180.899,     400.886,    400.573,
   24,       58.3,    181.030,     404.574,    404.461,
   25,       60.8,    180.808,     408.389,    408.192,
   26,       63.3,    180.939,     412.515,    411.770,
   27,       65.8,    180.821,     416.212,    415.200,
   28,       68.3,    180.939,     418.705,    418.484,
   29,       70.8,    181.213,     421.935,    421.629,
   30,       73.3,    180.926,     424.263,    424.636,
   31,       75.8,    181.030,     427.664,    427.512,
   32,       78.3,    180.991,     431.182,    430.260,
   33,       80.8,    181.004,     433.361,    432.884,
   34,       83.3,    181.043,     435.808,    435.389,
   35,       85.8,    180.991,     438.365,    437.779,
   36,       88.3,    180.965,     440.528,    440.059,
   37,       90.8,    180.965,     442.628,    442.232,
   38,       93.3,    180.926,     444.824,    444.304,
   39,       95.8,    180.978,     446.464,    446.277,
   40,       98.3,    181.121,     447.766,    448.156,
   41,      100.8,    180.991,     449.857,    449.945,
   42,      103.3,    181.135,     451.377,    451.647,
   43,      105.8,    181.082,     452.943,    453.268,
   44,      108.3,    181.017,     454.985,    454.810,
   45,      110.8,    180.991,     455.603,    456.276,
   46,      113.3,    181.148,     457.307,    457.669,
   47,      115.8,    181.082,     458.466,    458.994,
   48,      118.3,    180.913,     460.333,    460.255,
   49,      120.8,    180.965,     461.195,    461.452,
   50,      123.3,    181.082,     462.552,    462.588,
   51,      125.8,    180.926,     463.284,    463.669,
   52,      128.3,    181.056,     464.276,    464.694,
   53,      130.8,    181.174,     465.520,    465.665,
   54,      133.3,    181.200,     465.674,    466.588,
   55,      135.8,    181.121,     467.090,    467.465,
   56,      138.3,    181.174,     468.059,    468.296,
   57,      140.8,    181.108,     468.890,    469.087,
   58,      143.3,    181.043,     469.833,    469.837,
   59,      145.8,    180.847,     471.116,    470.551,
   60,      148.3,    181.121,     471.286,    471.225,
   61,      150.8,    181.148,     472.322,    471.864,
   62,      153.3,    181.069,     471.864,    472.471,
   63,      155.8,    181.239,     473.298,    473.045,
   64,      158.3,    181.239,     473.739,    473.589,
   65,      160.8,    181.278,     474.188,    474.104,
   66,      163.3,    181.161,     475.269,    474.595,
   67,      165.8,    181.121,     475.703,    475.061,
   68,      168.3,    181.095,     476.213,    475.502,
   69,      170.8,    181.108,     476.952,    475.921,
   70,      175.8,    179.920,     477.323,    478.806,
----,
DateTime:        , 2025/11/18, 16:55:33, 1763499333383,
RFID_EPC:        ,--Not Acquired--,
RFID_UserData:   ,--Not Acquired--,
Barcode:         ,--Not Acquired--,
PIF:,            0.00,
PARs:,            0.0,     0.0,     0.0,     0.0,     0.0,     0.0,
Light:,           0.0,     0.0,     0.0,     0.0,     0.0,     0.0,
Cycles:,            1,
                    1,      69,      70,      70,
Lamps:,        #10000,
Gain:,              5,      25, 
SNR_raw:,     471.92,
Position:,        0.0,              0.0,   NoData,
DataPt,      Time(us),   EX,         EM,       Fit,
==========,==========,==========,==========,=========,
    0,        0.0,      0.000,       0.000,    274.920,
    1,        0.8,    164.420,     275.392,    280.065,
    2,        3.3,    180.260,     285.972,    285.950,
    3,        5.8,    180.299,     295.620,    292.035,
    4,        8.3,    180.299,     301.388,    298.251,
    5,       10.8,    180.430,     306.490,    304.542,
    6,       13.3,    180.338,     312.302,    310.854,
    7,       15.8,    180.456,     316.532,    317.153,
    8,       18.3,    180.430,     323.007,    323.401,
    9,       20.8,    180.469,     328.699,    329.572,
   10,       23.3,    180.691,     334.936,    335.649,
   11,       25.8,    180.573,     340.249,    341.606,
   12,       28.3,    180.665,     346.277,    347.432,
   13,       30.8,    180.665,     351.812,    353.116,
   14,       33.3,    180.782,     357.557,    358.649,
   15,       35.8,    180.822,     363.010,    364.024,
   16,       38.3,    180.913,     368.907,    369.237,
   17,       40.8,    180.691,     373.677,    374.281,
   18,       43.3,    180.795,     379.656,    379.157,
   19,       45.8,    180.861,     383.942,    383.866,
   20,       48.3,    180.822,     388.449,    388.406,
   21,       50.8,    180.639,     393.271,    392.777,
   22,       53.3,    180.861,     396.769,    396.985,
   23,       55.8,    180.965,     400.740,    401.031,
   24,       58.3,    181.017,     405.265,    404.917,
   25,       60.8,    180.926,     409.117,    408.646,
   26,       63.3,    181.004,     412.145,    412.223,
   27,       65.8,    181.122,     415.521,    415.651,
   28,       68.3,    180.939,     420.031,    418.934,
   29,       70.8,    181.070,     422.710,    422.077,
   30,       73.3,    180.965,     426.049,    425.082,
   31,       75.8,    181.017,     428.467,    427.956,
   32,       78.3,    181.044,     431.609,    430.702,
   33,       80.8,    180.978,     434.196,    433.325,
   34,       83.3,    181.044,     436.249,    435.828,
   35,       85.8,    180.991,     438.806,    438.218,
   36,       88.3,    180.769,     440.340,    440.497,
   37,       90.8,    180.887,     442.818,    442.670,
   38,       93.3,    181.004,     444.630,    444.741,
   39,       95.8,    180.848,     447.559,    446.715,
   40,       98.3,    180.978,     448.562,    448.594,
   41,      100.8,    181.135,     450.714,    450.383,
   42,      103.3,    180.900,     452.958,    452.087,
   43,      105.8,    181.083,     453.274,    453.708,
   44,      108.3,    181.070,     454.521,    455.250,
   45,      110.8,    181.017,     456.089,    456.718,
   46,      113.3,    180.913,     457.568,    458.115,
   47,      115.8,    181.187,     458.862,    459.440,
   48,      118.3,    181.109,     460.276,    460.701,
   49,      120.8,    181.030,     461.690,    461.900,
   50,      123.3,    181.135,     462.086,    463.039,
   51,      125.8,    181.030,     463.458,    464.122,
   52,      128.3,    180.952,     464.653,    465.151,
   53,      130.8,    180.952,     466.422,    466.129,
   54,      133.3,    181.004,     467.171,    467.056,
   55,      135.8,    181.266,     467.601,    467.934,
   56,      138.3,    181.096,     468.260,    468.770,
   57,      140.8,    181.187,     469.128,    469.562,
   58,      143.3,    181.122,     470.181,    470.315,
   59,      145.8,    181.187,     470.673,    471.028,
   60,      148.3,    181.161,     471.845,    471.706,
   61,      150.8,    181.187,     472.550,    472.349,
   62,      153.3,    181.148,     473.535,    472.959,
   63,      155.8,    181.017,     473.656,    473.540,
   64,      158.3,    181.070,     474.624,    474.090,
   65,      160.8,    181.044,     475.245,    474.611,
   66,      163.3,    181.083,     475.805,    475.106,
   67,      165.8,    181.109,     475.957,    475.574,
   68,      168.3,    181.187,     477.296,    476.017,
   69,      170.8,    181.187,     476.965,    476.437,
   70,      175.8,    179.881,     477.871,    479.259,
----,
DateTime:        , 2025/11/18, 16:55:42, 1763499341867,
RFID_EPC:        ,--Not Acquired--,
RFID_UserData:   ,--Not Acquired--,
Barcode:         ,--Not Acquired--,
PIF:,            0.00,
PARs:,            0.0,     0.0,     0.0,     0.0,     0.0,     0.0,
Light:,           0.0,     0.0,     0.0,     0.0,     0.0,     0.0,
Cycles:,            1,
                    1,      69,      70,      70,
Lamps:,        #10000,
Gain:,              5,      25, 
SNR_raw:,     654.00,
Position:,        0.0,              0.0,   NoData,
DataPt,      Time(us),   EX,         EM,       Fit,
==========,==========,==========,==========,=========,
    0,        0.0,      0.000,       0.000,    274.577,
    1,        0.8,    164.343,     275.400,    279.992,
    2,        3.3,    179.984,     286.255,    286.068,
    3,        5.8,    180.246,     296.152,    292.272,
    4,        8.3,    180.363,     301.059,    298.552,
    5,       10.8,    180.324,     306.670,    304.863,
    6,       13.3,    180.337,     312.082,    311.171,
    7,       15.8,    180.494,     317.130,    317.450,
    8,       18.3,    180.559,     322.886,    323.672,
    9,       20.8,    180.454,     329.391,    329.810,
   10,       23.3,    180.637,     334.372,    335.854,
   11,       25.8,    180.572,     340.695,    341.781,
   12,       28.3,    180.689,     346.672,    347.582,
   13,       30.8,    180.846,     352.012,    353.249,
   14,       33.3,    180.624,     358.313,    358.765,
   15,       35.8,    180.768,     363.450,    364.130,
   16,       38.3,    180.781,     368.955,    369.338,
   17,       40.8,    180.846,     374.683,    374.384,
   18,       43.3,    180.742,     378.883,    379.266,
   19,       45.8,    180.911,     384.055,    383.984,
   20,       48.3,    180.807,     388.812,    388.536,
   21,       50.8,    181.055,     393.251,    392.925,
   22,       53.3,    180.859,     397.436,    397.149,
   23,       55.8,    180.977,     401.820,    401.211,
   24,       58.3,    180.898,     405.089,    405.114,
   25,       60.8,    181.068,     409.017,    408.862,
   26,       63.3,    180.898,     413.381,    412.455,
   27,       65.8,    180.964,     416.106,    415.898,
   28,       68.3,    180.911,     419.874,    419.195,
   29,       70.8,    180.924,     423.160,    422.350,
   30,       73.3,    180.924,     425.924,    425.367,
   31,       75.8,    180.794,     428.665,    428.250,
   32,       78.3,    180.951,     431.720,    431.004,
   33,       80.8,    180.990,     433.616,    433.632,
   34,       83.3,    180.911,     436.236,    436.139,
   35,       85.8,    181.003,     438.667,    438.530,
   36,       88.3,    181.160,     440.937,    440.808,
   37,       90.8,    181.003,     442.977,    442.980,
   38,       93.3,    180.911,     445.080,    445.048,
   39,       95.8,    180.977,     446.577,    447.016,
   40,       98.3,    181.081,     449.080,    448.888,
   41,      100.8,    180.794,     450.568,    450.671,
   42,      103.3,    181.212,     452.068,    452.363,
   43,      105.8,    181.186,     454.230,    453.972,
   44,      108.3,    181.133,     455.355,    455.501,
   45,      110.8,    181.042,     456.469,    456.955,
   46,      113.3,    180.938,     458.280,    458.336,
   47,      115.8,    181.238,     458.845,    459.646,
   48,      118.3,    181.173,     460.335,    460.889,
   49,      120.8,    181.042,     461.992,    462.071,
   50,      123.3,    181.160,     462.686,    463.191,
   51,      125.8,    181.146,     463.934,    464.253,
   52,      128.3,    180.990,     465.330,    465.263,
   53,      130.8,    181.146,     466.032,    466.219,
   54,      133.3,    181.133,     466.728,    467.125,
   55,      135.8,    181.003,     468.059,    467.985,
   56,      138.3,    181.186,     468.028,    468.799,
   57,      140.8,    180.964,     469.597,    469.573,
   58,      143.3,    181.120,     469.853,    470.304,
   59,      145.8,    181.029,     470.974,    470.998,
   60,      148.3,    181.094,     472.240,    471.654,
   61,      150.8,    181.251,     472.494,    472.274,
   62,      153.3,    181.055,     473.005,    472.864,
   63,      155.8,    181.133,     473.463,    473.421,
   64,      158.3,    181.081,     474.483,    473.950,
   65,      160.8,    181.199,     474.286,    474.449,
   66,      163.3,    181.186,     475.314,    474.922,
   67,      165.8,    181.094,     475.995,    475.370,
   68,      168.3,    181.081,     476.803,    475.795,
   69,      170.8,    181.003,     477.009,    476.198,
   70,      175.8,    179.802,     477.415,    479.095,
----,
DateTime:        , 2025/11/18, 16:55:50, 1763499350399,
RFID_EPC:        ,--Not Acquired--,
RFID_UserData:   ,--Not Acquired--,
Barcode:         ,--Not Acquired--,
PIF:,            0.00,
PARs:,            0.0,     0.0,     0.0,     0.0,     0.0,     0.0,
Light:,           0.0,     0.0,     0.0,     0.0,     0.0,     0.0,
Cycles:,            1,
                    1,      69,      70,      70,
Lamps:,        #10000,
Gain:,              5,      25, 
SNR_raw:,     518.11,
Position:,        0.0,              0.0,   NoData,
DataPt,      Time(us),   EX,         EM,       Fit,
==========,==========,==========,==========,=========,
    0,        0.0,      0.000,       0.000,    274.696,
    1,        0.8,    164.360,     275.492,    280.052,
    2,        3.3,    180.053,     286.241,    286.066,
    3,        5.8,    180.315,     296.038,    292.208,
    4,        8.3,    180.354,     301.297,    298.426,
    5,       10.8,    180.458,     306.442,    304.682,
    6,       13.3,    180.367,     311.698,    310.937,
    7,       15.8,    180.628,     316.452,    317.171,
    8,       18.3,    180.680,     322.670,    323.352,
    9,       20.8,    180.628,     328.964,    329.457,
   10,       23.3,    180.497,     334.631,    335.466,
   11,       25.8,    180.510,     340.147,    341.365,
   12,       28.3,    180.667,     345.608,    347.146,
   13,       30.8,    180.732,     351.459,    352.795,
   14,       33.3,    180.772,     357.578,    358.302,
   15,       35.8,    180.602,     363.341,    363.658,
   16,       38.3,    180.837,     368.730,    368.864,
   17,       40.8,    180.954,     374.017,    373.913,
   18,       43.3,    180.915,     378.631,    378.800,
   19,       45.8,    180.889,     383.992,    383.525,
   20,       48.3,    180.876,     388.443,    388.086,
   21,       50.8,    180.758,     392.789,    392.482,
   22,       53.3,    181.124,     397.076,    396.719,
   23,       55.8,    181.007,     401.422,    400.795,
   24,       58.3,    180.980,     404.574,    404.711,
   25,       60.8,    180.850,     408.737,    408.471,
   26,       63.3,    180.824,     412.335,    412.076,
   27,       65.8,    181.007,     415.897,    415.533,
   28,       68.3,    180.889,     419.484,    418.842,
   29,       70.8,    180.980,     422.145,    422.009,
   30,       73.3,    180.811,     426.081,    425.037,
   31,       75.8,    180.993,     428.634,    427.930,
   32,       78.3,    180.954,     431.269,    430.693,
   33,       80.8,    180.980,     433.528,    433.329,
   34,       83.3,    180.993,     436.148,    435.844,
   35,       85.8,    181.033,     438.595,    438.241,
   36,       88.3,    180.980,     440.932,    440.525,
   37,       90.8,    180.993,     442.557,    442.700,
   38,       93.3,    181.033,     445.003,    444.770,
   39,       95.8,    181.085,     446.862,    446.740,
   40,       98.3,    180.954,     448.511,    448.613,
   41,      100.8,    180.993,     449.740,    450.394,
   42,      103.3,    180.863,     452.166,    452.087,
   43,      105.8,    180.954,     453.264,    453.695,
   44,      108.3,    180.889,     454.754,    455.222,
   45,      110.8,    181.033,     456.713,    456.671,
   46,      113.3,    180.928,     457.419,    458.046,
   47,      115.8,    181.189,     458.636,    459.350,
   48,      118.3,    181.137,     459.210,    460.587,
   49,      120.8,    181.137,     462.081,    461.760,
   50,      123.3,    181.072,     462.468,    462.873,
   51,      125.8,    181.242,     463.249,    463.926,
   52,      128.3,    181.007,     464.514,    464.926,
   53,      130.8,    181.098,     466.267,    465.873,
   54,      133.3,    180.850,     466.685,    466.773,
   55,      135.8,    181.059,     467.914,    467.622,
   56,      138.3,    180.928,     468.363,    468.428,
   57,      140.8,    181.059,     469.129,    469.190,
   58,      143.3,    181.189,     469.343,    469.909,
   59,      145.8,    181.137,     470.583,    470.591,
   60,      148.3,    181.150,     471.432,    471.236,
   61,      150.8,    181.228,     471.670,    471.846,
   62,      153.3,    181.098,     472.783,    472.424,
   63,      155.8,    181.189,     473.648,    472.971,
   64,      158.3,    181.124,     473.929,    473.488,
   65,      160.8,    181.137,     474.558,    473.977,
   66,      163.3,    181.150,     474.634,    474.440,
   67,      165.8,    181.085,     475.909,    474.878,
   68,      168.3,    181.124,     475.696,    475.292,
   69,      170.8,    181.124,     477.021,    475.684,
   70,      175.8,    179.701,     476.681,    478.214,
----,
DateTime:        , 2025/11/18, 16:55:59, 1763499358886,
RFID_EPC:        ,--Not Acquired--,
RFID_UserData:   ,--Not Acquired--,
Barcode:         ,--Not Acquired--,
PIF:,            0.00,
PARs:,            0.0,     0.0,     0.0,     0.0,     0.0,     0.0,
Light:,           0.0,     0.0,     0.0,     0.0,     0.0,     0.0,
Cycles:,            1,
                    1,      69,      70,      70,
Lamps:,        #10000,
Gain:,              5,      25, 
SNR_raw:,     605.78,
Position:,        0.0,              0.0,   NoData,
DataPt,      Time(us),   EX,         EM,       Fit,
==========,==========,==========,==========,=========,
    0,        0.0,      0.000,       0.000,    273.631,
    1,        0.8,    164.325,     273.969,    278.918,
    2,        3.3,    180.036,     284.938,    284.906,
    3,        5.8,    180.101,     294.946,    291.056,
    4,        8.3,    180.427,     299.955,    297.315,
    5,       10.8,    180.375,     305.807,    303.625,
    6,       13.3,    180.453,     311.216,    309.946,
    7,       15.8,    180.545,     316.265,    316.244,
    8,       18.3,    180.440,     321.325,    322.484,
    9,       20.8,    180.649,     327.375,    328.649,
   10,       23.3,    180.662,     334.104,    334.713,
   11,       25.8,    180.689,     339.701,    340.661,
   12,       28.3,    180.715,     345.517,    346.478,
   13,       30.8,    180.610,     351.254,    352.152,
   14,       33.3,    180.728,     356.780,    357.677,
   15,       35.8,    180.911,     362.389,    363.049,
   16,       38.3,    180.806,     367.244,    368.257,
   17,       40.8,    180.662,     373.293,    373.300,
   18,       43.3,    180.806,     378.085,    378.178,
   19,       45.8,    180.911,     383.394,    382.890,
   20,       48.3,    180.819,     387.570,    387.433,
   21,       50.8,    180.858,     391.245,    391.812,
   22,       53.3,    180.924,     396.410,    396.026,
   23,       55.8,    180.806,     400.540,    400.078,
   24,       58.3,    180.989,     404.445,    403.971,
   25,       60.8,    180.845,     408.415,    407.707,
   26,       63.3,    180.976,     411.878,    411.291,
   27,       65.8,    180.858,     415.242,    414.726,
   28,       68.3,    180.911,     418.660,    418.016,
   29,       70.8,    181.002,     421.100,    421.165,
   30,       73.3,    180.911,     424.740,    424.177,
   31,       75.8,    180.963,     427.602,    427.057,
   32,       78.3,    180.924,     430.126,    429.809,
   33,       80.8,    180.989,     432.623,    432.437,
   34,       83.3,    181.028,     435.071,    434.945,
   35,       85.8,    181.054,     437.107,    437.339,
   36,       88.3,    181.028,     439.379,    439.622,
   37,       90.8,    180.950,     442.333,    441.799,
   38,       93.3,    180.937,     444.133,    443.874,
   39,       95.8,    180.937,     446.012,    445.850,
   40,       98.3,    180.976,     448.237,    447.732,
   41,      100.8,    180.884,     449.679,    449.525,
   42,      103.3,    181.067,     451.214,    451.230,
   43,      105.8,    181.106,     452.772,    452.851,
   44,      108.3,    181.028,     454.184,    454.395,
   45,      110.8,    180.989,     455.829,    455.863,
   46,      113.3,    181.054,     456.990,    457.259,
   47,      115.8,    181.106,     457.852,    458.585,
   48,      118.3,    181.106,     459.288,    459.845,
   49,      120.8,    180.976,     459.951,    461.044,
   50,      123.3,    181.002,     462.094,    462.182,
   51,      125.8,    180.897,     463.246,    463.265,
   52,      128.3,    181.067,     464.247,    464.291,
   53,      130.8,    181.067,     464.910,    465.265,
   54,      133.3,    181.185,     466.044,    466.189,
   55,      135.8,    181.106,     467.129,    467.066,
   56,      138.3,    181.133,     467.613,    467.899,
   57,      140.8,    181.159,     467.767,    468.689,
   58,      143.3,    181.120,     469.524,    469.439,
   59,      145.8,    181.133,     470.374,    470.151,
   60,      148.3,    181.106,     470.331,    470.826,
   61,      150.8,    181.198,     471.750,    471.466,
   62,      153.3,    181.067,     472.421,    472.074,
   63,      155.8,    181.106,     473.092,    472.650,
   64,      158.3,    181.041,     473.594,    473.197,
   65,      160.8,    181.211,     474.033,    473.714,
   66,      163.3,    181.198,     474.840,    474.204,
   67,      165.8,    181.302,     475.118,    474.667,
   68,      168.3,    181.028,     475.727,    475.110,
   69,      170.8,    181.198,     476.165,    475.527,
   70,      175.8,    180.023,     476.718,    478.358,
----,
DateTime:        , 2025/11/18, 16:56:07, 1763499367383,
RFID_EPC:        ,--Not Acquired--,
RFID_UserData:   ,--Not Acquired--,
Barcode:         ,--Not Acquired--,
PIF:,            0.00,
PARs:,            0.0,     0.0,     0.0,     0.0,     0.0,     0.0,
Light:,           0.0,     0.0,     0.0,     0.0,     0.0,     0.0,
Cycles:,            1,
                    1,      69,      70,      70,
Lamps:,        #10000,
Gain:,              5,      25, 
SNR_raw:,     562.63,
Position:,        0.0,              0.0,   NoData,
DataPt,      Time(us),   EX,         EM,       Fit,
==========,==========,==========,==========,=========,
    0,        0.0,      0.000,       0.000,    273.787,
    1,        0.8,    164.226,     274.378,    279.106,
    2,        3.3,    179.996,     285.014,    285.097,
    3,        5.8,    180.178,     294.708,    291.225,
    4,        8.3,    180.165,     300.502,    297.436,
    5,       10.8,    180.257,     306.008,    303.691,
    6,       13.3,    180.296,     311.155,    309.951,
    7,       15.8,    180.283,     316.059,    316.184,
    8,       18.3,    180.596,     321.491,    322.371,
    9,       20.8,    180.570,     327.629,    328.481,
   10,       23.3,    180.544,     333.326,    334.495,
   11,       25.8,    180.622,     338.939,    340.400,
   12,       28.3,    180.766,     345.087,    346.183,
   13,       30.8,    180.714,     350.942,    351.831,
   14,       33.3,    180.714,     356.365,    357.334,
   15,       35.8,    180.675,     361.866,    362.686,
   16,       38.3,    180.661,     367.538,    367.883,
   17,       40.8,    180.688,     372.355,    372.920,
   18,       43.3,    180.753,     377.864,    377.796,
   19,       45.8,    180.831,     382.346,    382.510,
   20,       48.3,    180.923,     387.569,    387.061,
   21,       50.8,    180.870,     392.104,    391.449,
   22,       53.3,    180.883,     396.056,    395.675,
   23,       55.8,    180.949,     400.334,    399.741,
   24,       58.3,    181.092,     403.882,    403.649,
   25,       60.8,    180.988,     407.983,    407.402,
   26,       63.3,    180.857,     411.485,    411.003,
   27,       65.8,    180.870,     415.104,    414.454,
   28,       68.3,    180.844,     418.371,    417.760,
   29,       70.8,    180.896,     421.678,    420.926,
   30,       73.3,    180.962,     424.289,    423.953,
   31,       75.8,    180.936,     427.666,    426.848,
   32,       78.3,    180.870,     429.479,    429.614,
   33,       80.8,    180.910,     432.702,    432.256,
   34,       83.3,    181.118,     434.633,    434.776,
   35,       85.8,    181.066,     437.188,    437.181,
   36,       88.3,    181.014,     439.635,    439.474,
   37,       90.8,    181.053,     441.749,    441.660,
   38,       93.3,    181.014,     444.496,    443.742,
   39,       95.8,    180.962,     446.172,    445.726,
   40,       98.3,    181.118,     447.000,    447.613,
   41,      100.8,    180.988,     449.091,    449.410,
   42,      103.3,    181.158,     450.547,    451.118,
   43,      105.8,    181.158,     452.313,    452.743,
   44,      108.3,    181.131,     453.924,    454.288,
   45,      110.8,    181.027,     454.960,    455.757,
   46,      113.3,    181.053,     457.324,    457.152,
   47,      115.8,    181.066,     457.844,    458.478,
   48,      118.3,    181.184,     459.975,    459.736,
   49,      120.8,    181.053,     461.080,    460.932,
   50,      123.3,    181.145,     461.841,    462.066,
   51,      125.8,    181.145,     463.056,    463.143,
   52,      128.3,    181.079,     463.333,    464.165,
   53,      130.8,    181.197,     464.909,    465.134,
   54,      133.3,    180.962,     465.402,    466.055,
   55,      135.8,    181.249,     466.541,    466.926,
   56,      138.3,    181.079,     467.641,    467.753,
   57,      140.8,    181.158,     468.101,    468.537,
   58,      143.3,    181.262,     469.265,    469.279,
   59,      145.8,    181.001,     470.274,    469.985,
   60,      148.3,    181.158,     470.971,    470.652,
   61,      150.8,    181.145,     471.447,    471.285,
   62,      153.3,    181.145,     472.109,    471.885,
   63,      155.8,    181.158,     472.627,    472.452,
   64,      158.3,    181.197,     472.967,    472.990,
   65,      160.8,    181.184,     474.215,    473.499,
   66,      163.3,    181.223,     474.664,    473.981,
   67,      165.8,    181.184,     474.325,    474.438,
   68,      168.3,    181.131,     475.787,    474.872,
   69,      170.8,    181.092,     476.332,    475.283,
   70,      175.8,    179.761,     476.411,    478.155,
----,
DateTime:        , 2025/11/18, 16:56:16, 1763499375949,
RFID_EPC:        ,--Not Acquired--,
RFID_UserData:   ,--Not Acquired--,
Barcode:         ,--Not Acquired--,
PIF:,            0.00,
PARs:,            0.0,     0.0,     0.0,     0.0,     0.0,     0.0,
Light:,           0.0,     0.0,     0.0,     0.0,     0.0,     0.0,
Cycles:,            1,
                    1,      69,      70,      70,
Lamps:,        #10000,
Gain:,              5,      25, 
SNR_raw:,     467.79,
Position:,        0.0,              0.0,   NoData,
DataPt,      Time(us),   EX,         EM,       Fit,
==========,==========,==========,==========,=========,
    0,        0.0,      0.000,       0.000,    273.982,
    1,        0.8,    164.369,     274.626,    279.105,
    2,        3.3,    180.115,     285.275,    284.970,
    3,        5.8,    180.141,     294.991,    291.042,
    4,        8.3,    180.415,     299.975,    297.255,
    5,       10.8,    180.389,     305.562,    303.540,
    6,       13.3,    180.389,     310.773,    309.848,
    7,       15.8,    180.598,     315.396,    316.141,
    8,       18.3,    180.598,     321.820,    322.381,
    9,       20.8,    180.494,     327.657,    328.539,
   10,       23.3,    180.742,     333.515,    334.598,
   11,       25.8,    180.729,     339.183,    340.535,
   12,       28.3,    180.676,     345.258,    346.336,
   13,       30.8,    180.768,     351.169,    351.992,
   14,       33.3,    180.885,     356.580,    357.495,
   15,       35.8,    180.820,     362.128,    362.836,
   16,       38.3,    180.755,     367.238,    368.010,
   17,       40.8,    180.938,     372.615,    373.019,
   18,       43.3,    180.781,     377.142,    377.856,
   19,       45.8,    180.768,     382.480,    382.524,
   20,       48.3,    180.820,     387.015,    387.023,
   21,       50.8,    180.977,     391.542,    391.356,
   22,       53.3,    180.977,     395.299,    395.525,
   23,       55.8,    180.964,     399.970,    399.531,
   24,       58.3,    180.794,     404.438,    403.377,
   25,       60.8,    181.029,     407.891,    407.068,
   26,       63.3,    180.794,     411.961,    410.607,
   27,       65.8,    181.081,     413.848,    413.999,
   28,       68.3,    180.977,     418.286,    417.247,
   29,       70.8,    180.951,     420.888,    420.356,
   30,       73.3,    180.951,     424.425,    423.330,
   31,       75.8,    181.003,     426.844,    426.174,
   32,       78.3,    181.016,     429.465,    428.891,
   33,       80.8,    181.160,     431.774,    431.487,
   34,       83.3,    181.094,     434.912,    433.967,
   35,       85.8,    181.081,     436.268,    436.333,
   36,       88.3,    181.055,     438.651,    438.592,
   37,       90.8,    181.029,     440.924,    440.746,
   38,       93.3,    180.872,     442.854,    442.801,
   39,       95.8,    180.885,     445.033,    444.759,
   40,       98.3,    180.794,     446.254,    446.626,
   41,      100.8,    180.964,     448.488,    448.403,
   42,      103.3,    181.055,     449.808,    450.095,
   43,      105.8,    181.055,     451.465,    451.706,
   44,      108.3,    181.120,     452.296,    453.239,
   45,      110.8,    181.094,     454.460,    454.699,
   46,      113.3,    181.029,     455.507,    456.089,
   47,      115.8,    181.055,     456.878,    457.411,
   48,      118.3,    181.094,     457.994,    458.668,
   49,      120.8,    181.133,     459.109,    459.863,
   50,      123.3,    180.990,     461.131,    461.002,
   51,      125.8,    180.951,     462.336,    462.084,
   52,      128.3,    180.964,     463.518,    463.113,
   53,      130.8,    181.016,     464.158,    464.090,
   54,      133.3,    181.081,     464.543,    465.017,
   55,      135.8,    180.990,     465.993,    465.900,
   56,      138.3,    181.212,     466.526,    466.736,
   57,      140.8,    180.977,     466.800,    467.533,
   58,      143.3,    181.173,     467.510,    468.287,
   59,      145.8,    180.977,     468.569,    469.007,
   60,      148.3,    181.120,     469.853,    469.688,
   61,      150.8,    181.042,     470.167,    470.336,
   62,      153.3,    181.081,     470.839,    470.950,
   63,      155.8,    181.081,     472.385,    471.534,
   64,      158.3,    180.977,     472.547,    472.089,
   65,      160.8,    181.029,     473.074,    472.616,
   66,      163.3,    181.068,     473.855,    473.115,
   67,      165.8,    181.107,     474.967,    473.588,
   68,      168.3,    181.120,     474.822,    474.037,
   69,      170.8,    181.133,     475.230,    474.463,
   70,      175.8,    179.841,     475.977,    477.404,
----,
DateTime:        , 2025/11/18, 16:56:24, 1763499384430,
RFID_EPC:        ,--Not Acquired--,
RFID_UserData:   ,--Not Acquired--,
Barcode:         ,--Not Acquired--,
PIF:,            0.00,
PARs:,            0.0,     0.0,     0.0,     0.0,     0.0,     0.0,
Light:,           0.0,     0.0,     0.0,     0.0,     0.0,     0.0,
Cycles:,            1,
                    1,      69,      70,      70,
Lamps:,        #10000,
Gain:,              5,      25, 
SNR_raw:,     616.20,
Position:,        0.0,              0.0,   NoData,
DataPt,      Time(us),   EX,         EM,       Fit,
==========,==========,==========,==========,=========,
    0,        0.0,      0.000,       0.000,    273.687,
    1,        0.8,    164.254,     274.209,    278.834,
    2,        3.3,    179.970,     284.801,    284.705,
    3,        5.8,    180.126,     294.460,    290.769,
    4,        8.3,    180.348,     299.753,    296.964,
    5,       10.8,    180.374,     305.032,    303.227,
    6,       13.3,    180.479,     310.729,    309.514,
    7,       15.8,    180.505,     314.895,    315.783,
    8,       18.3,    180.557,     321.339,    322.004,
    9,       20.8,    180.596,     327.360,    328.149,
   10,       23.3,    180.505,     333.509,    334.193,
   11,       25.8,    180.583,     339.124,    340.121,
   12,       28.3,    180.635,     344.894,    345.920,
   13,       30.8,    180.622,     350.787,    351.576,
   14,       33.3,    180.714,     356.475,    357.081,
   15,       35.8,    180.883,     362.001,    362.432,
   16,       38.3,    180.883,     367.198,    367.619,
   17,       40.8,    180.883,     372.284,    372.641,
   18,       43.3,    180.753,     377.200,    377.494,
   19,       45.8,    181.040,     382.125,    382.181,
   20,       48.3,    180.766,     386.688,    386.698,
   21,       50.8,    181.066,     391.459,    391.050,
   22,       53.3,    180.988,     395.717,    395.236,
   23,       55.8,    181.040,     398.807,    399.260,
   24,       58.3,    180.909,     403.517,    403.124,
   25,       60.8,    180.909,     407.054,    406.831,
   26,       63.3,    180.883,     410.872,    410.385,
   27,       65.8,    180.962,     413.679,    413.790,
   28,       68.3,    181.014,     417.979,    417.050,
   29,       70.8,    180.949,     420.672,    420.170,
   30,       73.3,    181.040,     423.442,    423.153,
   31,       75.8,    181.040,     426.315,    426.004,
   32,       78.3,    181.040,     429.297,    428.727,
   33,       80.8,    181.092,     431.824,    431.327,
   34,       83.3,    181.144,     434.018,    433.809,
   35,       85.8,    180.988,     436.715,    436.177,
   36,       88.3,    180.949,     438.909,    438.435,
   37,       90.8,    181.001,     440.661,    440.586,
   38,       93.3,    180.975,     442.935,    442.637,
   39,       95.8,    181.092,     444.856,    444.589,
   40,       98.3,    181.118,     446.448,    446.447,
   41,      100.8,    181.079,     447.870,    448.217,
   42,      103.3,    181.105,     450.346,    449.901,
   43,      105.8,    181.092,     451.593,    451.503,
   44,      108.3,    181.079,     452.620,    453.027,
   45,      110.8,    181.171,     454.378,    454.475,
   46,      113.3,    180.883,     455.542,    455.855,
   47,      115.8,    181.001,     457.014,    457.165,
   48,      118.3,    181.001,     458.119,    458.409,
   49,      120.8,    180.962,     459.213,    459.592,
   50,      123.3,    180.949,     460.241,    460.715,
   51,      125.8,    181.040,     461.114,    461.781,
   52,      128.3,    181.105,     462.273,    462.792,
   53,      130.8,    180.988,     463.346,    463.754,
   54,      133.3,    181.092,     463.962,    464.665,
   55,      135.8,    181.210,     464.986,    465.529,
   56,      138.3,    181.027,     466.008,    466.351,
   57,      140.8,    181.118,     467.208,    467.130,
   58,      143.3,    181.131,     468.058,    467.869,
   59,      145.8,    181.001,     468.838,    468.572,
   60,      148.3,    181.079,     469.518,    469.237,
   61,      150.8,    181.157,     469.426,    469.867,
   62,      153.3,    181.027,     470.980,    470.467,
   63,      155.8,    181.144,     471.337,    471.034,
   64,      158.3,    181.131,     471.923,    471.571,
   65,      160.8,    181.092,     472.466,    472.082,
   66,      163.3,    181.066,     473.197,    472.566,
   67,      165.8,    181.249,     473.272,    473.022,
   68,      168.3,    180.962,     473.691,    473.459,
   69,      170.8,    180.988,     475.281,    473.872,
   70,      175.8,    179.591,     474.968,    476.780,
----,
DateTime:        , 2025/11/18, 16:56:33, 1763499392923,
RFID_EPC:        ,--Not Acquired--,
RFID_UserData:   ,--Not Acquired--,
Barcode:         ,--Not Acquired--,
PIF:,            0.00,
PARs:,            0.0,     0.0,     0.0,     0.0,     0.0,     0.0,
Light:,           0.0,     0.0,     0.0,     0.0,     0.0,     0.0,
Cycles:,            1,
                    1,      69,      70,      70,
Lamps:,        #10000,
Gain:,              5,      25, 
SNR_raw:,     604.77,
Position:,        0.0,              0.0,   NoData,
DataPt,      Time(us),   EX,         EM,       Fit,
==========,==========,==========,==========,=========,
    0,        0.0,      0.000,       0.000,    273.547,
    1,        0.8,    164.417,     273.938,    278.672,
    2,        3.3,    180.161,     284.739,    284.515,
    3,        5.8,    180.109,     294.599,    290.543,
    4,        8.3,    180.148,     300.086,    296.693,
    5,       10.8,    180.331,     304.883,    302.915,
    6,       13.3,    180.449,     309.451,    309.160,
    7,       15.8,    180.436,     314.683,    315.387,
    8,       18.3,    180.592,     320.501,    321.567,
    9,       20.8,    180.618,     326.656,    327.670,
   10,       23.3,    180.827,     332.804,    333.679,
   11,       25.8,    180.645,     338.455,    339.568,
   12,       28.3,    180.658,     344.408,    345.327,
   13,       30.8,    180.749,     350.099,    350.946,
   14,       33.3,    180.723,     355.351,    356.413,
   15,       35.8,    180.736,     360.969,    361.724,
   16,       38.3,    180.710,     366.665,    366.873,
   17,       40.8,    180.736,     371.371,    371.858,
   18,       43.3,    180.749,     376.876,    376.677,
   19,       45.8,    180.932,     381.249,    381.330,
   20,       48.3,    180.866,     385.810,    385.817,
   21,       50.8,    180.932,     390.423,    390.139,
   22,       53.3,    181.010,     394.232,    394.298,
   23,       55.8,    180.853,     399.108,    398.295,
   24,       58.3,    180.801,     402.652,    402.135,
   25,       60.8,    180.945,     406.754,    405.820,
   26,       63.3,    180.893,     409.304,    409.354,
   27,       65.8,    180.984,     413.628,    412.741,
   28,       68.3,    180.880,     416.410,    415.985,
   29,       70.8,    181.049,     420.107,    419.090,
   30,       73.3,    180.971,     422.830,    422.061,
   31,       75.8,    181.088,     425.428,    424.901,
   32,       78.3,    180.958,     428.498,    427.616,
   33,       80.8,    180.932,     430.439,    430.210,
   34,       83.3,    181.075,     433.079,    432.686,
   35,       85.8,    180.958,     435.350,    435.049,
   36,       88.3,    180.827,     437.655,    437.305,
   37,       90.8,    181.101,     439.422,    439.455,
   38,       93.3,    180.997,     441.665,    441.505,
   39,       95.8,    180.958,     443.860,    443.460,
   40,       98.3,    181.088,     444.866,    445.321,
   41,      100.8,    181.167,     446.550,    447.094,
   42,      103.3,    181.193,     448.141,    448.782,
   43,      105.8,    181.101,     450.245,    450.390,
   44,      108.3,    181.062,     451.336,    451.921,
   45,      110.8,    180.997,     453.046,    453.379,
   46,      113.3,    180.880,     454.225,    454.767,
   47,      115.8,    180.880,     455.884,    456.087,
   48,      118.3,    180.997,     457.245,    457.341,
   49,      120.8,    180.893,     458.836,    458.534,
   50,      123.3,    180.971,     459.079,    459.668,
   51,      125.8,    181.115,     460.261,    460.743,
   52,      128.3,    181.167,     461.233,    461.765,
   53,      130.8,    181.088,     461.874,    462.737,
   54,      133.3,    181.088,     463.531,    463.661,
   55,      135.8,    180.997,     464.207,    464.540,
   56,      138.3,    181.141,     465.163,    465.373,
   57,      140.8,    181.141,     465.716,    466.164,
   58,      143.3,    181.036,     466.868,    466.917,
   59,      145.8,    181.036,     467.641,    467.632,
   60,      148.3,    181.128,     468.620,    468.309,
   61,      150.8,    181.115,     469.427,    468.953,
   62,      153.3,    181.284,     469.760,    469.561,
   63,      155.8,    181.115,     470.862,    470.142,
   64,      158.3,    181.219,     471.253,    470.691,
   65,      160.8,    181.193,     471.211,    471.213,
   66,      163.3,    181.258,     471.813,    471.707,
   67,      165.8,    181.049,     473.241,    472.179,
   68,      168.3,    181.167,     473.487,    472.626,
   69,      170.8,    181.036,     473.938,    473.051,
   70,      175.8,    179.796,     474.872,    476.196,
----,
DateTime:        , 2025/11/18, 16:56:41, 1763499401498,
RFID_EPC:        ,--Not Acquired--,
RFID_UserData:   ,--Not Acquired--,
Barcode:         ,--Not Acquired--,
PIF:,            0.00,
PARs:,            0.0,     0.0,     0.0,     0.0,     0.0,     0.0,
Light:,           0.0,     0.0,     0.0,     0.0,     0.0,     0.0,
Cycles:,            1,
                    1,      69,      70,      70,
Lamps:,        #10000,
Gain:,              5,      25, 
SNR_raw:,     498.45,
Position:,        0.0,              0.0,   NoData,
DataPt,      Time(us),   EX,         EM,       Fit,
==========,==========,==========,==========,=========,
    0,        0.0,      0.000,       0.000,    272.499,
    1,        0.8,    164.463,     273.375,    277.765,
    2,        3.3,    180.013,     283.952,    283.692,
    3,        5.8,    180.314,     293.600,    289.762,
    4,        8.3,    180.301,     298.391,    295.916,
    5,       10.8,    180.353,     304.292,    302.114,
    6,       13.3,    180.457,     308.882,    308.319,
    7,       15.8,    180.523,     314.310,    314.500,
    8,       18.3,    180.470,     319.166,    320.627,
    9,       20.8,    180.457,     325.617,    326.678,
   10,       23.3,    180.457,     331.491,    332.634,
   11,       25.8,    180.692,     338.033,    338.485,
   12,       28.3,    180.705,     342.989,    344.212,
   13,       30.8,    180.744,     349.112,    349.806,
   14,       33.3,    180.849,     354.108,    355.259,
   15,       35.8,    180.862,     360.164,    360.563,
   16,       38.3,    180.953,     365.619,    365.714,
   17,       40.8,    180.888,     370.284,    370.705,
   18,       43.3,    180.927,     375.399,    375.536,
   19,       45.8,    180.810,     380.400,    380.204,
   20,       48.3,    180.810,     385.156,    384.710,
   21,       50.8,    180.823,     389.000,    389.054,
   22,       53.3,    180.875,     393.421,    393.237,
   23,       55.8,    180.862,     397.541,    397.262,
   24,       58.3,    180.966,     402.063,    401.131,
   25,       60.8,    181.032,     406.006,    404.846,
   26,       63.3,    181.006,     408.827,    408.411,
   27,       65.8,    180.927,     412.099,    411.828,
   28,       68.3,    180.953,     415.687,    415.101,
   29,       70.8,    181.084,     419.253,    418.235,
   30,       73.3,    180.914,     421.415,    421.233,
   31,       75.8,    180.927,     423.817,    424.099,
   32,       78.3,    180.862,     427.287,    426.837,
   33,       80.8,    180.744,     430.110,    429.452,
   34,       83.3,    180.836,     432.436,    431.948,
   35,       85.8,    180.888,     435.186,    434.328,
   36,       88.3,    181.045,     436.798,    436.598,
   37,       90.8,    180.966,     438.866,    438.762,
   38,       93.3,    181.019,     440.617,    440.823,
   39,       95.8,    181.110,     442.825,    442.785,
   40,       98.3,    181.084,     444.656,    444.654,
   41,      100.8,    181.019,     445.589,    446.433,
   42,      103.3,    181.110,     448.015,    448.124,
   43,      105.8,    181.136,     449.386,    449.733,
   44,      108.3,    181.097,     451.029,    451.263,
   45,      110.8,    181.045,     452.374,    452.718,
   46,      113.3,    181.019,     454.539,    454.100,
   47,      115.8,    180.888,     454.977,    455.414,
   48,      118.3,    181.045,     456.572,    456.661,
   49,      120.8,    180.940,     457.167,    457.845,
   50,      123.3,    181.241,     458.396,    458.967,
   51,      125.8,    181.032,     460.030,    460.034,
   52,      128.3,    181.201,     460.923,    461.045,
   53,      130.8,    180.888,     461.722,    462.007,
   54,      133.3,    181.162,     462.127,    462.917,
   55,      135.8,    181.032,     463.123,    463.782,
   56,      138.3,    181.019,     464.593,    464.602,
   57,      140.8,    181.097,     464.723,    465.378,
   58,      143.3,    181.188,     465.372,    466.113,
   59,      145.8,    181.110,     466.898,    466.811,
   60,      148.3,    181.097,     467.926,    467.473,
   61,      150.8,    181.241,     467.776,    468.099,
   62,      153.3,    181.110,     468.555,    468.693,
   63,      155.8,    181.149,     469.558,    469.255,
   64,      158.3,    181.032,     470.525,    469.790,
   65,      160.8,    181.097,     471.460,    470.295,
   66,      163.3,    181.136,     471.027,    470.774,
   67,      165.8,    180.966,     472.463,    471.229,
   68,      168.3,    181.149,     472.428,    471.657,
   69,      170.8,    181.058,     473.550,    472.064,
   70,      175.8,    179.922,     473.205,    474.771,
